topology,seed,dimensions,peaks,hv,gap,set_resolution,n_relevant_sets,n_points_nondominated,xmax,xmin,algorithm,algo_seed,t1,t2,t3,t4,t5,t6,t7,t8,t9,t10,t11,t12,t13,t14,t15,t16,t17,t18,t19,t20,t21,t22,t23,t24,t25,t26,t27,t28,t29,t30,t31,t32,t33,t34,t35,t36,t37,t38,t39,t40,t41,t42,t43,t44,t45,t46,t47,t48,t49,t50,t51,t52,t53,t54,t55,t56,t57,t58,t59,t60,t61,t62,t63,t64,t65,t66,t67,t68,t69,t70,t71,t72,t73,t74,t75,t76,t77,t78,t79,t80,t81,t82,t83,t84,t85,t86,t87,t88,t89,t90,t91,t92,t93,t94,t95,t96,t97,t98,t99,t100
random,14,2,1,0.4196409991149078,7.632339911350927e-5,16384,1,8192,0.7731650520792969,0.23179942487860408,nsga2,1,0.07481319308122303,0.2658914951836596,0.2870734246105365,0.30329602614590334,0.35623500036961814,0.36962624775000985,0.38179589951656473,0.38875868567455685,0.39498164844766753,0.401091768427023,0.40303758662964484,0.40600959855967866,0.40776298598186345,0.4092605357824959,0.4105306132647666,0.41102810548305696,0.4114746041499948,0.41170558763603826,0.41330278736225773,0.4136957425314347,0.41420510220519413,0.4144002273791204,0.4147618037031286,0.4148848895996496,0.4154740592286714,0.4159099049890584,0.4163277522217003,0.4164358924402237,0.4168029696332849,0.4168536976806304,0.41696317351191126,0.41701197425640657,0.417056462297437,0.41711386254689575,0.4171405831257856,0.4172014616301828,0.4172392256728762,0.4172844731407326,0.41735345832987303,0.41739876422604366,0.4174520083122018,0.41751057407078884,0.4175305501473414,0.41756163857529066,0.4176034586138594,0.4176450539405936,0.4176631988154368,0.417679854325071,0.4177109481692099,0.4177277522525172,0.41773185639081684,0.4177484877680652,0.4177671417202737,0.4178021728468493,0.4178129208170805,0.41782462520012176,0.4178359260687964,0.41785458345371024,0.4178725505117017,0.4178986891628698,0.4179279955481215,0.4179443957644214,0.4179492302108552,0.41796162245557694,0.41796750294889723,0.4179748954709747,0.4179960953551175,0.41801387821975167,0.4180384514266801,0.4180498825800311,0.4180530322633192,0.4180616751031809,0.41806885450545966,0.418074575583491,0.4180934715765707,0.4181131038460562,0.4181216535733366,0.41813122782725753,0.41813585359773,0.4184616961376231,0.41847751527852645,0.41848371512394694,0.41848815978139914,0.4184973868541459,0.4185015332129271,0.4185040039548655,0.4185119132589798,0.41851903426359377,0.4185239375767053,0.4185289227529184,0.4185301891777163,0.4185397579026354,0.4185442910558322,0.418549002375333,0.4185546287279521,0.4185614038511998,0.41856751592285196,0.41877455280906684,0.41878485033814816,0.4187875483384485
random,14,2,1,0.4196409991149078,7.632339911350927e-5,16384,1,8192,0.7731650520792969,0.23179942487860408,omnioptimizer,1,0.13391792661740526,0.14414328095418735,0.23436410250948364,0.35218519464354614,0.36721443772163687,0.3728413149417909,0.3869528326454629,0.39808942306319595,0.4033835462583985,0.4054364745689292,0.40773982261784786,0.4089002819455005,0.4101335677106446,0.4111075368961307,0.4114853740197098,0.41206489526881124,0.4130555853138896,0.41357960570961305,0.4141446696322604,0.41446006346824804,0.41522562309003275,0.41536847943764144,0.41546808788242817,0.41563213025994383,0.4157860135471193,0.4158984150629546,0.41603018830895744,0.4161385077917954,0.41623138551118855,0.41627588880039185,0.41640130045980894,0.4164915983545722,0.4166665835512317,0.4167441783946064,0.41676899027925374,0.4168882294468441,0.41706795748967423,0.4171218673720209,0.41716522800199496,0.41718220009261864,0.41722628374507936,0.41723120008221953,0.41725275306488085,0.41727898058780766,0.4173375613422944,0.4173775510814702,0.41740383194580727,0.4174232121337498,0.4174929054906806,0.4175741495410241,0.41760116173408346,0.4176381628850794,0.4176480615384749,0.4176716071006798,0.41789530721811613,0.41791916098737464,0.41812744600527996,0.4181666410522178,0.41818087931423875,0.41819169480516105,0.4181984626044228,0.4183032135501835,0.4183058929172822,0.4183406127298902,0.4183426718208332,0.4183654093800098,0.41839537565870377,0.418429566113678,0.41844364501855763,0.41845716635359703,0.41846886717342435,0.4184847658325497,0.4184892751786066,0.4185051107642468,0.4185152101062857,0.41852621878251656,0.4185426564060464,0.4185483685013685,0.4185486742732743,0.4185631047682722,0.41856830283068536,0.4185815315052606,0.41859605029209046,0.4186107959708983,0.41862497156191564,0.41862947756184515,0.4186354655035561,0.4186370813677377,0.4186494879717064,0.41865127568432897,0.4186558042163013,0.41865642757368393,0.41866070417012236,0.41866966861273824,0.41867593890425736,0.41868134655850586,0.41868445593744935,0.4186954410854202,0.4186968462993036,0.41870602581730637
random,14,2,1,0.4196409991149078,7.632339911350927e-5,16384,1,8192,0.7731650520792969,0.23179942487860408,smsemoa,1,0.07481319308122303,0.12351889226898631,0.16903260340185514,0.3173934941018968,0.35039564502979637,0.3663208925475425,0.37319775627031937,0.3780467469861991,0.3957792097882261,0.3982800664964551,0.39897131622707394,0.4014927491158834,0.4026586095988737,0.4034159937793602,0.4045814410293104,0.4049844983029661,0.40748577647994055,0.4079204090327587,0.41044816124393424,0.41096055085825905,0.41160513856176134,0.41204248548340844,0.4132451935509958,0.4137092667779794,0.4143424659140668,0.41468976570996424,0.41509630639817985,0.41534532474493424,0.41570006041393154,0.41597415681152505,0.41620150994230065,0.41641807653374496,0.4165765314370529,0.41665885395941865,0.41680377693518506,0.4169086611986715,0.41696292712953115,0.4170539963431593,0.4173338577339597,0.4174398164850809,0.41749896249374296,0.4175302008883821,0.41761949837606466,0.4177475150377944,0.4178153441447861,0.41815693225297984,0.4181796753915242,0.4182531997876284,0.41832008134867904,0.4183375279543472,0.41837505936905106,0.41843986953299234,0.41846048489236704,0.41848779664401164,0.41851869178408396,0.4185528725589533,0.41859463309882144,0.4186250275662746,0.41866138375016776,0.41868929716529535,0.4187090242477581,0.418733305715178,0.4187556214014689,0.418779323740768,0.41880424389608906,0.4188224866429262,0.41883576676689466,0.4188538313579082,0.4188690597942122,0.41891905037567145,0.41892996766768664,0.41894214473943164,0.41895688261499775,0.4189718353445943,0.4189882050865786,0.4190023480705565,0.4190108660903972,0.41911604350544024,0.41912533714993333,0.4191317921205247,0.4191405921981585,0.4191482320899376,0.4191546995334801,0.419161176280513,0.41916789489572986,0.4191750629496181,0.41918629919524925,0.41921586595837806,0.41922348313818225,0.4192288266117138,0.41923675228926555,0.4192449853068074,0.41924890429524103,0.41925558995705037,0.4192605802856606,0.41926370070247243,0.41926921494556135,0.41927405409691826,0.41927815835766413,0.4192811321443978
random,14,2,1,0.4196409991149078,7.632339911350927e-5,16384,1,8192,0.7731650520792969,0.23179942487860408,mole,1,0.2675487344348802,0.2807962223340532,0.35419007467105057,0.3641579510787004,0.3641785914954752,0.37089959776831727,0.3874765667504618,0.38762809394214104,0.3921381535823988,0.3921976254376449,0.39464122010834946,0.3948361968422845,0.39484272920492997,0.396928818056521,0.39718629217506857,0.4018006879796164,0.40818902933625867,0.41100723858087973,0.4137149182880612,0.41489005714819727,0.41680733994132146,0.4175965198836751,0.4180556114694026,0.41848847862452343,0.4187993452414277,0.41887681940629756,0.4190200031059106,0.4191747850310452,0.41922307838054634,0.4192589182390048,0.4192921214913829,0.41933025956739983,0.4193302784716457,0.4193303022014955,0.4193306640546804,0.41933086031411226,0.4193311172803002,0.41933145494404345,0.4193316252862877,0.41933166354334284,0.4193321030854708,0.4193321263738966,0.41933219829139945,0.4193323407090679,0.41933266674639236,0.41933285350488214,0.4193331848183001,0.41933326250568603,0.4193332844186576,0.41933344039113213,0.4193335435398016,0.41933370485459953,0.4193338317620008,0.4193340707949477,0.41933407627127506,0.4193341894265129,0.4193342945895751,0.419334325013039,0.4193346682908162,0.41933497241258605,0.41933501641344534,0.41933520624612336,0.4193356161652928,0.4193357030601375,0.4193361306651978,0.41933613415056403,0.4193364687701594,0.41933680816657926,0.4193368985701454,0.41933703454404864,0.4193376123233111,0.4193377478908609,0.41933813628207567,0.4193383160102073,0.4193389653326118,0.41933896679619204,0.4193390547648962,0.41933931993020807,0.41933944171262594,0.4193395154118023,0.41933964099300836,0.4193396845419902,0.4193400070632649,0.4193400151811831,0.419340080055283,0.41934008007571655,0.4193402663922319,0.41934033885780553,0.41934036256196877,0.4193406438089688,0.4193406778112471,0.41934104910373526,0.4193414348739806,0.4193417466636841,0.41934174671150715,0.41934187640090864,0.41934189466287264,0.4193419704758113,0.4193424023063411,0.41934244979930785
random,14,2,1,0.4196409991149078,7.632339911350927e-5,16384,1,8192,0.7731650520792969,0.23179942487860408,random,1,0.11919922534764679,0.29914601722163386,0.30455276626172473,0.30715223108180695,0.3071522310818067,0.31116240172607657,0.3641273340517759,0.3674022108419734,0.3674022108419739,0.371632172803996,0.37163217280399624,0.3716321728039954,0.375485983826512,0.375485983826512,0.3754930022160751,0.37630233546513836,0.37632606889918185,0.37666724363768167,0.37697953862183414,0.37697953862183425,0.3769795386218341,0.37697953862183375,0.376979538621834,0.3769795386218343,0.37697953862183425,0.37697953862183403,0.37697953862183364,0.3770483205185774,0.37754773635455247,0.3777567271896822,0.377756727189682,0.3779604863917923,0.37796048639179247,0.3795570151148503,0.37955701511485057,0.3795570151148507,0.37955701511485135,0.3819476808512355,0.38194768085123537,0.38194768085123515,0.3819476808512351,0.38242756469227,0.3824275646922696,0.3824275646922691,0.382427564692269,0.38242756469226874,0.3824275646922686,0.3824275646922686,0.38258295948138615,0.38258295948138643,0.38258295948138676,0.382582959481387,0.393745247531528,0.3937452475315282,0.39374524753152856,0.3937452475315285,0.39398114164553194,0.393981141645532,0.3939811416455321,0.39398114164553216,0.3953109060094644,0.39531090600946456,0.3953109060094651,0.39544820822073246,0.3979388841092952,0.3979388841092954,0.39793888410929584,0.3995165120385788,0.3995165120385793,0.3995165120385799,0.40022299483896545,0.4002229948389653,0.4003045299898265,0.40030452998982646,0.4003045299898267,0.40030452998982635,0.4003045299898262,0.4003045299898261,0.40030452998982585,0.4003045299898262,0.40030452998982563,0.40030452998982535,0.4003045299898251,0.40030452998982524,0.40030452998982574,0.40030452998982574,0.40137578728184065,0.4013757872818406,0.4015324358092569,0.4021843629973853,0.40218436299738525,0.40218436299738536,0.40229038646302384,0.4026088987574,0.40260889875740036,0.40260889875740014,0.4026088987573997,0.4026088987573996,0.4026251205588764,0.4026251205588762
random,14,2,1,0.4196409991149078,7.632339911350927e-5,16384,1,8192,0.7731650520792969,0.23179942487860408,nsga2,2,0.28446583612331744,0.28712269195607787,0.32243150886879557,0.34149369311183003,0.3567827816845386,0.3697515337887533,0.3876800961210848,0.39138404358561385,0.40281645447798925,0.4048322804546378,0.4058588964704315,0.40665720428243424,0.40964786174671275,0.41039371975509753,0.41149510543383905,0.4124929313834116,0.41396778390456457,0.4144016357693723,0.41465569621087284,0.41504146909634687,0.4151969231140348,0.4153445629630754,0.41549221847116846,0.4157021822078871,0.41577881218054513,0.4161856001367974,0.4164838188027241,0.41652584667170156,0.41663820192155077,0.41671779335665704,0.4167722979339251,0.4170383181142308,0.4170681108580203,0.41713952562464,0.41716374999375677,0.4171931366107759,0.4173407659420399,0.41735097426558015,0.41750536361760526,0.41755390248602625,0.41761711233667237,0.4176836716831639,0.4177156353301274,0.41783337415643246,0.4178957602992514,0.41795114193463545,0.4179858374341442,0.4180207885893548,0.41809604843411347,0.4181164233802788,0.4181325397554939,0.4181525674193103,0.41816301287611757,0.41824357150081964,0.4182642225434677,0.4183839549665908,0.4183995765855867,0.4184017073572695,0.4184138572632522,0.4184708684267316,0.41848167778484635,0.4184930791638589,0.4185001027465,0.41850692040438625,0.4185290151524119,0.4185503440335469,0.41855294961447864,0.4185702046463537,0.41857545968389687,0.41858144095517813,0.41859338680491626,0.4186134885893112,0.4186275952539287,0.4186342454783114,0.41864411916474703,0.41865768100976203,0.41866370630827243,0.41866933731747524,0.4186791299805864,0.41868584434981,0.4186921290207563,0.4186943602735265,0.41869602256260985,0.4187031574115701,0.41871600035919776,0.41871906070328324,0.4187197919965917,0.418726825640849,0.4187340265660985,0.41873484833762364,0.4187464487589208,0.4187495148468157,0.4187538318445559,0.4187689426520875,0.41878086966591993,0.4187937301419043,0.41880088079015865,0.41883408581194304,0.41883867957368437,0.4188574441175339
random,14,2,1,0.4196409991149078,7.632339911350927e-5,16384,1,8192,0.7731650520792969,0.23179942487860408,omnioptimizer,2,0.12987468769080124,0.17045269210649702,0.2580410656435011,0.3198398981897726,0.37322821033999126,0.3919159518991855,0.39737853017762687,0.40311903119960535,0.4049036581436783,0.40708518841502384,0.4081347773399372,0.409863260126566,0.41069265211917166,0.4120797517403004,0.412535206353622,0.41288844036592837,0.41329220679312195,0.4137517678657075,0.41498364408758975,0.41505864498203726,0.415417353302031,0.4155843046330592,0.415669546762292,0.41577012730579055,0.41594529233953875,0.41604152504964914,0.4161808288319268,0.41643876681785913,0.41650870626689446,0.41658577687769216,0.4170475133120427,0.41711868651894296,0.4171935284960542,0.417263415150824,0.41729280272006214,0.4173176391503442,0.41740896188588167,0.4174468060941548,0.41746198420944475,0.41749556885782324,0.41752721419384897,0.41765578236377054,0.4177229774040069,0.4178099514351458,0.41784817382475686,0.4179842193082847,0.41801412374055563,0.4180302121005177,0.4180680202539401,0.4181082922783841,0.41813722502975376,0.4181721830074928,0.41819630167295435,0.4182237515807112,0.4182645183858792,0.418297170516172,0.4183073401946392,0.4183288397880925,0.4183419108098751,0.4183548669224012,0.4183668358472701,0.41838010485046456,0.41839953870291013,0.41841066751755107,0.4184230807325483,0.4184407421056428,0.41847620370040606,0.4184814942828817,0.41850132723802885,0.41850997460986483,0.41851786699042065,0.4185293492413022,0.41854048301204505,0.418545906992649,0.41857492735643603,0.41858324004708153,0.4186374661372821,0.41864009053814616,0.4186448671390512,0.418654379025661,0.4186582091527429,0.41866881868645833,0.41869440353204096,0.41870367006132975,0.4187145326192592,0.4187208143618858,0.4187280831964873,0.4187393812113169,0.418741991920273,0.41875941982099424,0.4187760465259416,0.4187891096607905,0.4187975419210753,0.4188102455599283,0.41881433054407735,0.4188173775837754,0.4188261616614689,0.4188283091541206,0.418834650243025,0.41884290130087765
random,14,2,1,0.4196409991149078,7.632339911350927e-5,16384,1,8192,0.7731650520792969,0.23179942487860408,smsemoa,2,0.28446583612331744,0.28906133099486614,0.3160368381063802,0.3282231564931523,0.35256401615982763,0.37597049139859284,0.37880730852535904,0.3837294527113005,0.38610123076638686,0.39108238079387186,0.3942073178657425,0.39617814682516167,0.3964865461687586,0.396718694267378,0.4001187309429563,0.4009302379491375,0.4011609274647819,0.40190124826552287,0.40202117030653656,0.40234667991774364,0.40265552127113846,0.4030022999762651,0.40321257783917286,0.4045509150773432,0.40472968275087473,0.4049991436219551,0.40520635501431196,0.40617005237733517,0.40624221030029656,0.4063425915442371,0.4064242195736379,0.40648240181950684,0.406634379095889,0.40670770241712356,0.4067753374646413,0.40681837528325754,0.40685994339821496,0.4069075405303853,0.40699077043243426,0.4070251102804674,0.407060399416369,0.40709468452649505,0.4094706986146762,0.4095258324740226,0.4095505285107898,0.41053442539838564,0.41056718228153033,0.4105843798387984,0.41059270373030465,0.41061578166390367,0.4106779002473267,0.41070680254079117,0.41072254344820686,0.4107519120629108,0.41078994829713095,0.4108004307775283,0.4108257145006709,0.41084027400213774,0.4108543084391161,0.41086340707672275,0.41087364318862546,0.4108861626571212,0.4108933569808059,0.41090337606640304,0.4109190915455621,0.4113286644841115,0.4113391033267095,0.41135046508471507,0.4147620384638609,0.41488305214014715,0.4149051037959014,0.4149937706084966,0.4153356474586697,0.41534155166147424,0.4153705886060342,0.4153826708245551,0.41612043307300656,0.41612621164357527,0.4161331543781556,0.4161415412961659,0.4161496485964199,0.4161592528835657,0.41616220952804067,0.41616725191203,0.4161716322623771,0.41618131516081475,0.41618641827533637,0.4161893746486385,0.41619504177511085,0.4183356382589809,0.41834467979021817,0.4183509995309811,0.4184693903377422,0.4184734972775224,0.41847857040102393,0.4184835250953543,0.4186797609200975,0.41869459204396164,0.41901428633040166,0.41904230840112183
random,14,2,1,0.4196409991149078,7.632339911350927e-5,16384,1,8192,0.7731650520792969,0.23179942487860408,mole,2,0.27953383603175924,0.2933477050960335,0.3606579478660017,0.3650522057456032,0.36517597882076824,0.366733532516569,0.38701810346073995,0.3870581086065236,0.387062462068082,0.38709182099252043,0.3883200167746686,0.388324940659675,0.38832673515423693,0.3885878284590564,0.38921107734920957,0.3896385710748732,0.4042363768334292,0.40947552801326537,0.41233019984181174,0.41436354946054943,0.415986578268425,0.416857259387503,0.4177106747372462,0.4180676431390728,0.4185116105176215,0.418707754243242,0.4188702829075807,0.41902833964692004,0.4191523925349659,0.4192163364319669,0.41926281057325165,0.4192990532780131,0.4193300388179983,0.41933028500390324,0.4193305509437342,0.41933088727112405,0.41933096308268936,0.41933109126843415,0.419331164644864,0.41933121976269366,0.41933141583676004,0.41933164169208414,0.4193319446908945,0.4193319449233201,0.41933199126432363,0.419332140287722,0.41933226711431526,0.41933238285771557,0.4193332147500641,0.41933321523038153,0.41933350587566626,0.41933391230324923,0.419333969226855,0.419334077605765,0.4193341581455399,0.4193344158340836,0.4193348496765581,0.4193350226548531,0.41933543753786034,0.41933593043595624,0.41933613204439907,0.4193362389127474,0.4193363858320099,0.4193363938229857,0.41933656338791314,0.41933656892245397,0.4193366236920412,0.41933671574308157,0.4193368459131825,0.4193372885732316,0.419337419261769,0.4193374443174685,0.41933774336284085,0.4193378619097294,0.41933786326228634,0.419338025837171,0.4193381726999148,0.41933821285195905,0.4193384422717501,0.41933850676311696,0.41933860311803384,0.4193388640498309,0.41933909518179835,0.41933934287228125,0.4193394035254786,0.4193399427896521,0.41934011815767636,0.41934021967923957,0.41934054903194407,0.4193407826570317,0.4193409484200013,0.4193409920688118,0.4193410122634199,0.4193410338552621,0.41934145602616935,0.4193416736045096,0.41934210266315813,0.41934242309397135,0.4193425317278952,0.41934290999605806
random,14,2,1,0.4196409991149078,7.632339911350927e-5,16384,1,8192,0.7731650520792969,0.23179942487860408,random,2,0.07777169333631448,0.21516087783250937,0.24556287027054235,0.24784782354089682,0.24784782354089685,0.2587536542353635,0.26613606273765184,0.29442149958089553,0.2944214995808957,0.2944214995808958,0.29442149958089564,0.2944214995808953,0.29634766495006454,0.29634766495006487,0.29648430433346046,0.29680925805245106,0.2968092580524513,0.3118015079199131,0.31180150791991296,0.3123426407857186,0.31234264078571905,0.3126492652677001,0.31264926526770004,0.31264926526770026,0.34858293573100496,0.34858293573100485,0.35012648482267644,0.35014930654202076,0.3503654242853298,0.35466282285702144,0.3550822302761053,0.3550822302761052,0.35508223027610497,0.35508223027610497,0.3560813549932351,0.36111662585850324,0.36111662585850335,0.36165940834496935,0.36170685394026536,0.3617068539402652,0.3618399247011462,0.3618399247011457,0.37883135127730005,0.38048533735637313,0.38060052519344056,0.38199856861536813,0.3819985686153684,0.38199856861536835,0.3819985686153684,0.3819985686153689,0.3819985686153685,0.38199856861536824,0.3830939018693583,0.3830939018693582,0.38309390186935843,0.3862770869195121,0.38673482567909767,0.3867348256790972,0.3869596052399492,0.38710377232683724,0.387103772326837,0.3876781319613295,0.38767813196132994,0.3884311459155589,0.3884311459155588,0.3884311459155591,0.3899270315602606,0.3905857366540101,0.39058573665401003,0.3917379626065209,0.39173796260652105,0.3917388105676619,0.39173881056766213,0.3917388105676625,0.39173881056766213,0.391738810567662,0.39173881056766224,0.3917388105676622,0.3917388105676622,0.3918648404051653,0.393392696547179,0.3933926965471786,0.39339269654717857,0.393392696547179,0.39339519642030696,0.3933951964203066,0.3933951964203068,0.3933951964203068,0.3933951964203067,0.3933951964203065,0.39339519642030674,0.3933951964203067,0.3934074708396932,0.39340747083969335,0.3958621152198923,0.39586211521989184,0.39586211521989195,0.3958621152198923,0.3958621152198921,0.39616015010650313
random,14,2,1,0.4196409991149078,7.632339911350927e-5,16384,1,8192,0.7731650520792969,0.23179942487860408,nsga2,3,0.0322027699652714,0.12924265185055173,0.18535682985736363,0.19981116165055574,0.28621249519784625,0.3169683566664495,0.36011888510776335,0.3723034549756429,0.3861957676889992,0.3934292774705296,0.4014820905866183,0.4033013718599674,0.40511906009003545,0.40774749050477316,0.41002369482876616,0.41115654062645024,0.411661605742332,0.4122672421154847,0.4128378410171489,0.413145216504198,0.41468728573538793,0.4149001222142382,0.41509733490835937,0.41535968928490663,0.4157697609244998,0.41591059308060996,0.4163373694872087,0.41655318667085395,0.41665977389832975,0.41679047007836884,0.4168543695047634,0.4169155280030349,0.4170301843527517,0.4171852211062295,0.41727795128529005,0.41732277832719283,0.4174035385033893,0.4174717584837515,0.4175304341189415,0.4175871256920426,0.41761033474170556,0.4176544789792381,0.41770606922395453,0.4177606214009983,0.41780835226755214,0.4178754977331438,0.41790798802243273,0.41793911560340763,0.4180242258598587,0.41805459691492697,0.41808520350596506,0.4180960958291607,0.4181582903501165,0.41816934642626186,0.41819007299231453,0.41821561437087873,0.4182351315579804,0.4182543026524847,0.41827459903855796,0.4183051002252635,0.41833614911719585,0.4183752540114204,0.4183872214179977,0.4184178112372613,0.41843580229791233,0.41845530418916566,0.41846020453509597,0.4184954099444346,0.4185096701444849,0.41854313554613565,0.41855197930298454,0.4185596752954677,0.4185800972280941,0.4185924470077549,0.4185984378704666,0.41860830734907395,0.4186208839356486,0.4186236079355774,0.41868163441690126,0.418694153698719,0.4187002680041321,0.4187155942018643,0.4187265805389706,0.41873242401714,0.41874115983196225,0.4187569345736249,0.4187674270373879,0.4187788339241403,0.41878252055346077,0.4187908751368025,0.41879791598849864,0.41880715209217684,0.4188175499348474,0.4188222373449906,0.4188237355177088,0.4188329208347487,0.41884203670677916,0.4188537569360364,0.4188599708494473,0.4188744289410015
random,14,2,1,0.4196409991149078,7.632339911350927e-5,16384,1,8192,0.7731650520792969,0.23179942487860408,omnioptimizer,3,0.2116415647832945,0.2249893234386757,0.2755815974830811,0.33406723018696544,0.3565895018943693,0.3845986050736458,0.38955922831423107,0.3957268200558686,0.399405780310693,0.4050374568304246,0.40718892278899954,0.4095219804079274,0.41158245158607476,0.41207682164291615,0.4129370762794197,0.4135076384024554,0.41382326028691374,0.41415272128595565,0.4144349636253069,0.414920195499593,0.4152826478423278,0.4155598427093453,0.41566028997447574,0.4157455308829191,0.4157742899037684,0.416062240405379,0.4162767848679083,0.4164729563179638,0.416611667333926,0.4169015937461346,0.4170321254435454,0.4171684190592089,0.4172037363653485,0.41725879791106235,0.41731202834839437,0.41734681890559083,0.41740072199108147,0.41744714926096443,0.41749500565539793,0.4175639714448257,0.4175960436131704,0.4176301531170763,0.4177228374236212,0.4177630365035368,0.4177899666469772,0.4178158087294521,0.4178516827807602,0.4178756690887876,0.41789324420815965,0.4179196701919741,0.4179473260703594,0.417968263287808,0.41799727430707045,0.4180223652794272,0.41804835559280273,0.4180669327960865,0.4180925769850001,0.4181255522998479,0.4181701791543513,0.41818940436871094,0.4182317242069616,0.4182476296129056,0.4182797161220864,0.4182875104444104,0.4182971724168595,0.4183065356569894,0.41832543096620944,0.41834016489669457,0.41834778660026695,0.4183705119008791,0.41839462401345734,0.41839820076056494,0.4184105510780986,0.41842350610449813,0.41842607783951985,0.41848262405251796,0.41849416594457056,0.4185046084666067,0.4185178280366241,0.4185307543161454,0.4185370861712406,0.41855199577635954,0.41856809158946306,0.4185728101472958,0.4185771564933095,0.41858267076713845,0.41859439218044087,0.41859874834628963,0.4186039561519677,0.4186282894512605,0.41863113932465373,0.41864626846627784,0.4186541489993332,0.4186580328289843,0.41866015174281557,0.4186653288739367,0.41867344175693005,0.41867763943002095,0.4186783226019839,0.4186842811652776
random,14,2,1,0.4196409991149078,7.632339911350927e-5,16384,1,8192,0.7731650520792969,0.23179942487860408,smsemoa,3,0.0322027699652714,0.13777525746599179,0.3063827743505851,0.317245930613806,0.33018517865084146,0.3468531943715218,0.3728769335556243,0.3809489491801682,0.3854054168738807,0.38638226116865876,0.38957931408155133,0.394496346107066,0.39895429641675256,0.3996908090493165,0.40038091501851897,0.4011434715093865,0.4027146506892896,0.403046833134037,0.40603810247729466,0.4076606027618488,0.4082705421021487,0.4091825353361959,0.40952393607652005,0.40995146534958327,0.41047291093791155,0.41153939196562256,0.4118727012203209,0.412004643276374,0.41224200897723934,0.41237563107697056,0.41249200339543496,0.4126979517451531,0.41297815876710303,0.4130840695036152,0.4131960246991969,0.41358352080629235,0.41435216520298546,0.41466090583231535,0.41483830338304106,0.4149866745704656,0.41524148800274807,0.4153423813853842,0.415489476238143,0.4156545756292782,0.41570070000506226,0.4157618628285843,0.4158667916638738,0.41591108530951937,0.4168297867900258,0.4168606103184479,0.4177859358712593,0.4178216321055084,0.4178488149655669,0.4178753273612509,0.4178985099477459,0.41796490285930415,0.41816102334525446,0.41818586231714094,0.41822475417352295,0.41824924862260543,0.4182733569693722,0.4183055831892287,0.41841217923983576,0.41843167511144586,0.4184753305180048,0.4184863572106165,0.4185044593013111,0.4185561275918451,0.4185717150467904,0.4185887400106223,0.41860848040047327,0.4187759289215889,0.41880325529283247,0.41882254407773967,0.41886226426410333,0.41887332301993613,0.4188997762274812,0.41892667030513764,0.4189391915069936,0.41894683849234965,0.4189778160653016,0.41898504830538297,0.4190140085145562,0.41902589445571525,0.4190359246813509,0.41905181236252403,0.41906200777503616,0.4190937128520465,0.4191024213962681,0.41911494101259955,0.4191204589516644,0.4191282114364251,0.41914190155398157,0.4191485375234071,0.4191643065908539,0.4191711823283538,0.4191878960361982,0.4191928023294993,0.41919562938489796,0.41921136440143364
random,14,2,1,0.4196409991149078,7.632339911350927e-5,16384,1,8192,0.7731650520792969,0.23179942487860408,mole,3,0.274617353470257,0.2879435376993514,0.3671052607458749,0.3789141072153417,0.3790211950644559,0.380420192472974,0.38330107114286566,0.38330480064697875,0.3841315861264217,0.3843118168286249,0.3897851907159472,0.3902643328332601,0.3937870522532471,0.3954705418810552,0.39567758718562285,0.40513416725968293,0.4104127897688125,0.412732229977561,0.4150967508719573,0.41627698978564653,0.4172859074452762,0.41806675560502937,0.4185829974121751,0.4187601454975149,0.4189320764477291,0.41908616904437995,0.41918473122443123,0.4192426163897739,0.41929173269856174,0.4193231166347088,0.41933034083581516,0.41933055331682384,0.419330811442565,0.41933106439369994,0.41933137496680417,0.4193317055668092,0.4193319174730299,0.41933216072589385,0.41933222642410006,0.41933282590373105,0.4193328892613153,0.4193330498898347,0.419333249331733,0.4193332493549611,0.4193332684443316,0.41933348510716245,0.4193337491389531,0.41933383426366244,0.41933383582822215,0.4193340499051376,0.4193341808894622,0.4193344908067065,0.4193345268525162,0.41933496019582334,0.41933509374405126,0.4193352304492274,0.4193353563727404,0.4193354349546164,0.41933553507172355,0.41933554020987573,0.41933600993973646,0.41933660278701945,0.41933689544075126,0.4193371393371404,0.4193372353912507,0.41933773415393305,0.4193382267446383,0.419338305301539,0.41933872967804336,0.41933878580600176,0.4193388441051682,0.41933909671518804,0.4193393699132789,0.41933965527997846,0.4193397218497812,0.41933980349040617,0.41934019190097754,0.4193402128680715,0.4193405795595443,0.4193409116775094,0.41934103339340095,0.4193410636553459,0.41934113854161326,0.41934139172839224,0.41934141476915976,0.4193414628838126,0.4193415392832596,0.4193417537429731,0.41934183931981306,0.419342097677686,0.41934234931619463,0.4193423905670212,0.41934251870680483,0.41934280150268594,0.4193428273880374,0.4193428906667746,0.4193431336399315,0.41934313768181053,0.41934352153319276,0.41934396404203284
random,14,2,1,0.4196409991149078,7.632339911350927e-5,16384,1,8192,0.7731650520792969,0.23179942487860408,random,3,0.02779206739038408,0.12896159188479533,0.2253171487444469,0.2699549839751922,0.2708232486711884,0.27082324867118834,0.34407767104768744,0.3457566056495872,0.35328719541161807,0.35388371961084353,0.3538837196108441,0.36488923385719635,0.36488923385719607,0.36775963139125367,0.36775963139125334,0.3702798959661107,0.37027989596611044,0.37541014627417385,0.3763585462108084,0.37635854621080844,0.3790446770310956,0.3790446770310951,0.37904467703109496,0.3790446770310947,0.38394474435475784,0.3839447443547578,0.3839447443547578,0.38394474435475773,0.38394474435475767,0.3839447443547575,0.38394474435475734,0.38394474435475745,0.38394474435475773,0.3839447443547578,0.3839447443547578,0.3839447443547578,0.3839447443547578,0.3839447443547581,0.38394474435475806,0.3839447443547583,0.38394474435475867,0.3839447443547584,0.3839447443547585,0.3840906547841935,0.3840906547841934,0.3840906547841935,0.38563486000989655,0.38563486000989655,0.3856348600098965,0.3881680154806722,0.38816801548067176,0.38816801548067187,0.38816801548067187,0.3881680154806718,0.3881680154806718,0.3881684415733115,0.38818483423340927,0.3881848342334092,0.38818483423340955,0.38818483423340944,0.38818483423340916,0.388448261626273,0.3884482616262728,0.38844826162627283,0.39069367761575646,0.3906936776157568,0.39069367761575663,0.3906936776157566,0.3906936776157564,0.391442849139899,0.39144284913989896,0.3960125970667282,0.39601259706672826,0.3965062700841192,0.39668209282550354,0.3966820928255028,0.3966820928255024,0.39668209282550226,0.39668209282550204,0.3977571525254791,0.3977571525254796,0.3980336921105267,0.3996473377049506,0.39964733770495064,0.39964733770495037,0.4001982224063994,0.40019822240639913,0.4001982224063994,0.40019822240639963,0.40019822240640013,0.40019822240640046,0.4005503750502384,0.40055037505023794,0.40055037505023783,0.4005503750502377,0.400550375050238,0.4005503750502383,0.4006196357630318,0.4006340555901157,0.4006340555901157
random,14,2,1,0.4196409991149078,7.632339911350927e-5,16384,1,8192,0.7731650520792969,0.23179942487860408,nsga2,4,0.20968287860696677,0.30819596335104155,0.3346138407672202,0.3576325603271262,0.3769269888122421,0.3918878563531451,0.3958575654396232,0.39883722538227506,0.3998727764090471,0.4022310197232563,0.40459872179596157,0.40568685614235434,0.4085085473605313,0.4087778249652493,0.40909946760178434,0.4092101335560625,0.4096537606424476,0.41176777033471323,0.4123298287202646,0.4134815331705312,0.4145299843048194,0.41490973920927776,0.4153221702499427,0.4154509455312038,0.41581630428173993,0.4164596821952286,0.4165543572635989,0.41671068845805825,0.417224506366453,0.41730400024106284,0.4173888640218884,0.41747249888344956,0.41749338370711364,0.417564415333196,0.4175940993328043,0.41764699033473807,0.41772117707421225,0.4177434804358784,0.4177872830247656,0.41780976797560576,0.41783712346988566,0.4178843943150344,0.41793604897905134,0.4180446088153337,0.4180909359052256,0.4181195723447898,0.4181333601550482,0.4181630468650102,0.4181942845387066,0.4182385262580153,0.4182513854536723,0.4182575028972256,0.4183337204519785,0.418347629598663,0.41835127000651223,0.4183563954102873,0.4183803440246931,0.41839924720585997,0.4184119428887157,0.4184317059277799,0.4184439904580589,0.41846791431797153,0.41847943111653174,0.4185031603029474,0.4185173029065166,0.41852493690527276,0.41854017287876905,0.4185531602706117,0.41855401724436714,0.4185700489298486,0.41859152828988594,0.418595660609941,0.41860231404399606,0.4186149954633218,0.4186255111807576,0.4186320357340178,0.4186537952962851,0.4186635878536598,0.418681825484625,0.41868722772607636,0.41870099819663315,0.41871347453643826,0.41872066757626697,0.41872996853879424,0.4187390691516491,0.41874461467188084,0.41875270211434007,0.41876409293611755,0.4187684022148699,0.4187798765994433,0.41878612904872936,0.41879485901299884,0.4187987794493063,0.41880797568652883,0.4188112049051239,0.4188216139780335,0.4188291327297327,0.41883279171780136,0.4188335691103556,0.41883867669352565
random,14,2,1,0.4196409991149078,7.632339911350927e-5,16384,1,8192,0.7731650520792969,0.23179942487860408,omnioptimizer,4,0.08590863075634234,0.30594859795175067,0.3083751452549081,0.3292678583301345,0.37919143445882725,0.39103453290431833,0.40256238257415455,0.40334659804927886,0.4060575514676532,0.40796613100814877,0.40859241220943054,0.4119722292392112,0.41241504488581127,0.4129108809335919,0.4133484334071546,0.4138143345944371,0.414580213358148,0.4148236141929166,0.41499874091958067,0.41514892171575307,0.41534724121192346,0.41541726333723344,0.4161096014691834,0.41634910519479973,0.4165404801687115,0.41663562066531307,0.4167348200600994,0.41677713127287935,0.4169307740404779,0.41698066569542513,0.41714876563981335,0.4171650641264998,0.4172243377291536,0.41725999008202563,0.41734338212318794,0.4173713810598467,0.41745246644937756,0.41748673911989226,0.4175477611437157,0.4175756786633715,0.4176355157830373,0.4176763794422785,0.41768620609527635,0.4177345840351724,0.41775330450333525,0.4178124194433172,0.41782666756306525,0.4178337922413319,0.41787502371867186,0.41789452991364534,0.41791899001537525,0.41794316904316337,0.4179597933570263,0.41797240969424526,0.4180485837905181,0.418059175019953,0.41808450971896605,0.41812798555493585,0.4181454689693602,0.41815227053311044,0.4181686323379951,0.41819451075281333,0.4182180005577325,0.4182335977735564,0.4182904441347993,0.41830930562086927,0.41832821435683665,0.4183315342238788,0.4183504161473303,0.41836262651526906,0.4184223932879358,0.41844249058106325,0.4184527132691199,0.4184633868678644,0.4184722232811969,0.41847823906180864,0.41849080664342747,0.4185111779488957,0.4185217757407967,0.4185486526299634,0.41856093318281806,0.41858191817760343,0.4185929421686932,0.4185949394496507,0.41860197345539457,0.41860278723126615,0.4186093684485138,0.4186191255007889,0.4186215863508797,0.4186272761110326,0.41863511898098965,0.41865033435597127,0.4186546648291883,0.41865947311665574,0.41867255117055713,0.4186769197431315,0.41867840206133533,0.4186814628035562,0.41869404459489024,0.4187002010652493
random,14,2,1,0.4196409991149078,7.632339911350927e-5,16384,1,8192,0.7731650520792969,0.23179942487860408,smsemoa,4,0.20968287860696677,0.26859263664988337,0.29672314433648356,0.3305891371708897,0.3706463863749042,0.37947577631899815,0.3899499674213209,0.3954009840619062,0.39829948196152937,0.39968335963620316,0.4008367191774397,0.4029797812943835,0.40326614994810284,0.4035985484432521,0.40438271211625043,0.4050275019682118,0.40523393864312385,0.40549449887431094,0.4063292779279653,0.4067434897367868,0.4084186217846335,0.4091852488926827,0.40956687011742937,0.4097978293315014,0.4099416525710778,0.4103833698171106,0.41319816857827923,0.4132895600821172,0.4134306442046128,0.41430045208386923,0.41464034102354325,0.4150690260428966,0.4154897513177388,0.41556996753923803,0.4156136029241757,0.4156963350572404,0.4157632371384883,0.41616440800521587,0.4165972675398678,0.4168030287208907,0.4169272397167309,0.41717649949469626,0.41721010482967613,0.41724201953489326,0.4172856858162446,0.41730278556559025,0.4173374211593549,0.41779874622266977,0.4178157247316307,0.4178436400938899,0.4178694736901861,0.41789739869117015,0.4179095693332155,0.41793123218017864,0.417942947700962,0.4183081254523676,0.41832169009076503,0.41833439275627265,0.41834964193995533,0.4183607973643152,0.4183725761737763,0.4183820859038005,0.41847441872037866,0.41848648516432585,0.41850045866219976,0.4185096862362304,0.4185218327724342,0.4185392718582599,0.4188328589832113,0.4188457537224741,0.4188542493387988,0.4188604118479611,0.4188709139441193,0.4188780206357847,0.4188866089451111,0.41889739733879544,0.4189041912837773,0.418909837309934,0.41891293602620794,0.41891661919801954,0.419007499232897,0.4190126394710678,0.41901945828725545,0.41902523099653816,0.4190328773565159,0.41903956313935353,0.4190445605314875,0.4192138328951857,0.41922393532271013,0.41923082734459505,0.419239007158852,0.41928528297169543,0.4192901472102698,0.4192965037297294,0.4192999622690635,0.41930233823013435,0.4193049410962339,0.4193065430612329,0.41931119584731286,0.41931449398588866
random,14,2,1,0.4196409991149078,7.632339911350927e-5,16384,1,8192,0.7731650520792969,0.23179942487860408,mole,4,0.2642345407850731,0.2775558124222112,0.34980968526465406,0.35881479508045677,0.3592841364533128,0.36103683266636516,0.38828695013264536,0.38831663164394054,0.38852781547857174,0.39265972517935505,0.401803643854602,0.40186732544325354,0.4018820872987418,0.40243187696624805,0.403044653695083,0.4041526946405556,0.40784188056766435,0.4110238726543258,0.413563021516322,0.41534352430112453,0.41680584605318605,0.41736287709576186,0.4179484513453079,0.41842779727537915,0.4187139731939869,0.41886991541218627,0.41899312115229403,0.41914461374855727,0.41920955921669895,0.41925751306964193,0.4192997395750175,0.4193302073405182,0.4193305545478293,0.41933064616331184,0.4193309087091176,0.4193312555081035,0.41933166427153307,0.4193319102953551,0.41933253612175275,0.4193327918138898,0.4193329556131272,0.41933342265635926,0.4193334227882444,0.41933381094496414,0.4193339964205463,0.41933462338668037,0.41933466870788794,0.4193348650682766,0.41933487467450004,0.4193350018406974,0.4193350519534808,0.41933519387188534,0.4193353973862651,0.4193354790523078,0.41933557993328796,0.4193357449078665,0.4193358724166902,0.4193363884510211,0.41933641687208867,0.41933652119004133,0.4193372327849739,0.41933752167708127,0.4193376878849858,0.4193378339926125,0.4193379866827001,0.41933815041786016,0.41933860764498226,0.4193390155299212,0.4193395106863516,0.41933970496252043,0.4193397554928187,0.4193399699381184,0.419340133328909,0.41934041866527694,0.41934063281143763,0.4193407061416703,0.41934097713059304,0.4193410133889512,0.419341202898248,0.41934129078754007,0.41934158217111567,0.41934160118075925,0.4193417933963475,0.4193419248626696,0.419342180461451,0.4193422239990953,0.41934246164637157,0.4193426489902095,0.4193426974817719,0.41934289338251884,0.4193429154167785,0.4193432468515602,0.4193434431127447,0.41934346822001506,0.4193437888713355,0.4193439036297748,0.4193439963085205,0.41934419578775917,0.4193445195926358,0.4193446438203816
random,14,2,1,0.4196409991149078,7.632339911350927e-5,16384,1,8192,0.7731650520792969,0.23179942487860408,random,4,0.2654332343450054,0.28831242333934815,0.2891532723505557,0.2896781917296591,0.2905238743928848,0.2905840293249513,0.2905840293249511,0.30145504631012426,0.30145504631012393,0.30271794033642235,0.3343132753765207,0.33431327537652034,0.33431327537652067,0.33439314531106884,0.3403681649942391,0.34036816499423944,0.34428268804051443,0.3442826880405144,0.3442826880405143,0.3442826880405142,0.34691627187012397,0.34691627187012375,0.3469162718701236,0.36510337385386454,0.3674248635462684,0.36760652206421385,0.3736342519830215,0.3736342519830217,0.3736342519830211,0.3736342519830213,0.37845527072163987,0.37845527072164015,0.37845527072164015,0.3784552707216405,0.3785475437912797,0.3785475437912797,0.38044239660931956,0.38044239660931944,0.38044239660931994,0.38044239660931994,0.3804423966093202,0.3811151085251653,0.38111510852516534,0.38153777091898977,0.3817107297185007,0.3817107297185005,0.38244740167988833,0.38354227519584067,0.3837415031621276,0.3837415031621275,0.3837415031621279,0.38389805742809585,0.3838980574280959,0.38389805742809635,0.38389805742809646,0.38389805742809596,0.38425254344777393,0.3842525434477739,0.38476821012896756,0.3848583654363478,0.38613597684812695,0.386135976848127,0.4000245656449796,0.40173366209284456,0.401733662092845,0.40173366209284483,0.4017336620928445,0.4017336620928445,0.4017336620928445,0.4017336620928447,0.4017336620928445,0.4017336620928444,0.402091464080604,0.4020914640806039,0.40253599865857626,0.4025359986585766,0.4025359986585768,0.4025359986585764,0.40299337288486603,0.40315461571636413,0.4031881790441994,0.4035416182066125,0.40354161820661244,0.40358066631748457,0.40358066631748435,0.4035806663174841,0.40384196260788585,0.4038419626078858,0.40416136852419454,0.4041613685241949,0.40425650018720444,0.40425650018720444,0.404256500187204,0.40425650018720366,0.4042565001872037,0.405068928186635,0.4050689281866352,0.40506892818663526,0.4050689281866353,0.40506892818663537
random,14,2,1,0.4196409991149078,7.632339911350927e-5,16384,1,8192,0.7731650520792969,0.23179942487860408,nsga2,5,0.18871243454853742,0.19884871259542897,0.29960056371321153,0.3279625881644234,0.3669997056169761,0.38197914974822583,0.3874922975415731,0.3986210788178931,0.4003466805867827,0.40374812782234937,0.40576341272975935,0.4066923715511732,0.4099075915411834,0.41080982012937156,0.41120642549720227,0.41147644012869344,0.41220423324474287,0.41343443002996094,0.41365484622823373,0.4142952177098298,0.4144117945398527,0.4147566840177813,0.4148816526620894,0.41561412428102856,0.4158375493763143,0.4160858263313102,0.41628006999270034,0.4166494332143658,0.41685741849805413,0.4170029241081565,0.4171232653705817,0.4171962493613194,0.41727436091537856,0.4173320339506829,0.41737744745138944,0.4174566317460116,0.4174885379582699,0.4175499095702751,0.41764980899555576,0.41765584357446406,0.41770897885150926,0.41778713046527866,0.41782816065823775,0.41787086061941175,0.41792270035389717,0.4179445916105664,0.41796958414525487,0.4179931018116238,0.41802518648293147,0.418043744417005,0.4180562268202775,0.41810915090467937,0.4181406693133625,0.41816982374149325,0.4182082264777345,0.4182240315886773,0.41824762691176837,0.4182559631680858,0.41827164091085756,0.4183078268259858,0.4183350924605712,0.4183711811271394,0.4183772739532582,0.4183945467034785,0.4184093235206124,0.41842871614417365,0.41843408917896857,0.4184576074070808,0.4184927793341268,0.41850563266814855,0.41851807041475586,0.4185298450107536,0.41854372026603004,0.41855202926335816,0.4185661064120447,0.41857339541680494,0.4185869665580444,0.41858830123379964,0.41860057708988635,0.41860655247143264,0.41861627927396067,0.4186291748796684,0.41865301997262483,0.4186641648682058,0.4186770604963038,0.4186855508302754,0.41869780205064766,0.418705341600996,0.4187098572927466,0.4187192986289023,0.41872355772392683,0.4187424324966229,0.41875587351055016,0.4187654009121988,0.41877312016386925,0.4187800575318693,0.418787938258537,0.4187951500269995,0.41879738094200397,0.4188094252837658
random,14,2,1,0.4196409991149078,7.632339911350927e-5,16384,1,8192,0.7731650520792969,0.23179942487860408,omnioptimizer,5,0.1195468677717321,0.29486570819409963,0.35125677522255866,0.36192571420446434,0.3728692815244573,0.3843781030510446,0.3896405708547751,0.3930603997491662,0.3957469437491253,0.3969634910202772,0.4016446721219976,0.4121621587072243,0.41288980569609324,0.4141151149159186,0.4147004885220201,0.4150409967835987,0.4153761907680422,0.4154672954087309,0.4155754882820683,0.4157972404619855,0.4161885002903161,0.41633903216499574,0.4163572596263577,0.4164184136036705,0.41651440321811734,0.41662232736560967,0.4167346983319066,0.41683103438475133,0.41700736655547715,0.4170969702494916,0.41733348670198533,0.417391547202074,0.41747005184129166,0.41752722596996317,0.4176093467904686,0.4176207606935048,0.41771271637974305,0.41772881024312186,0.41775760786303984,0.41781574564325846,0.4178542614958713,0.41787237388518206,0.41791370881560663,0.4179562192185505,0.4180138542051298,0.4180310776416261,0.4180605409445388,0.41807573416321797,0.4181060686804401,0.4181271386325803,0.4181689110081548,0.4181856708236603,0.4181995210232054,0.4182162299840421,0.4182348269415602,0.4182601778611362,0.41828501774524984,0.41830984115526637,0.41832656458463524,0.41833119730815804,0.41833930128467434,0.41835110071032633,0.41835499253300135,0.41837474216859477,0.41838704527267445,0.41840086659675013,0.4184134410774266,0.4184424611510459,0.41844975199046497,0.41845751627304306,0.4184635299775299,0.4184790532664846,0.41849517110889917,0.4185252078293576,0.4185509781265809,0.4185767305900825,0.4185809811753594,0.4185820815318173,0.4185958744447043,0.41861558719853303,0.41862348534992105,0.41863452244021043,0.41864048498801343,0.4186563918562834,0.41866322623027913,0.4186702398614273,0.4186745720341533,0.4186838497340764,0.41869091463451746,0.4186934184131777,0.41870219204074055,0.41870774992821574,0.4187126477805324,0.4187186305318412,0.4187205516539898,0.41873525295172426,0.4187452071360035,0.41875207783145335,0.4187581888995879,0.41876333176934344
random,14,2,1,0.4196409991149078,7.632339911350927e-5,16384,1,8192,0.7731650520792969,0.23179942487860408,smsemoa,5,0.18871243454853742,0.30802622998734674,0.3105992474160149,0.34386782181636955,0.3707827571904861,0.3904178346510372,0.39171116212803775,0.4014814949620945,0.40228853597773584,0.40528639064173366,0.40650390938363645,0.40817192254709994,0.4101287734685256,0.4106123398232862,0.4116796788670888,0.4124003586106087,0.41292716813846975,0.41314559166607506,0.41345915057360855,0.41423114781160386,0.414414912376797,0.41462952481963167,0.415021239370192,0.41529300101164496,0.41579553403673203,0.41588973700552617,0.4160404887638655,0.41632904105919905,0.41647360117652354,0.4166630117139944,0.417180987043504,0.4172680170357448,0.41733359738599,0.41772213760743776,0.41780323778839706,0.4178576581327229,0.41790646596238873,0.41800794620120413,0.41804041102462725,0.41811885343922933,0.41817996358788445,0.4182176233277149,0.41836430749207854,0.418401242425598,0.41843092791815045,0.41846564342333403,0.41849850122157406,0.41852374190295155,0.4185418167817388,0.41857216162995137,0.4186182995460916,0.4186396294121777,0.4186654785353149,0.41870451165530553,0.41872262033388746,0.4187415467532979,0.4187725894119138,0.41879598066439416,0.4188114589503673,0.4188381957677922,0.4188628589872619,0.41888341180068694,0.418892240254168,0.4189019202254292,0.4189128400328398,0.4189190378709378,0.4189412556757329,0.4189594637712816,0.41896955736617814,0.41898886378853845,0.4189951721098243,0.4190059798734509,0.41901507135890786,0.41902984114137476,0.41904515729115355,0.4190527889570727,0.41905886785673907,0.41908549419293245,0.4190953499211188,0.4191032076092818,0.41911221101548585,0.4191218623895531,0.4191294619638222,0.4191316128178106,0.4191357852289755,0.4191468375809029,0.41916682100033864,0.4191730607985286,0.41917467410007425,0.41918232306956094,0.41918720000554305,0.41920288984306586,0.41920713270064497,0.4192128071266816,0.41921704822515543,0.41922014866548324,0.41922584831483367,0.41923123857205147,0.4192370175795642,0.4192427626613275
random,14,2,1,0.4196409991149078,7.632339911350927e-5,16384,1,8192,0.7731650520792969,0.23179942487860408,mole,5,0.26609858148664906,0.28748802852877287,0.32704529609963306,0.3273696818785246,0.33306658429584224,0.3936751974923582,0.3938930775497651,0.3952742068849611,0.39911138639900984,0.399714204932949,0.40007421828726414,0.4002043803445392,0.400235751760198,0.40644715172476503,0.4114212948265815,0.4140898030099989,0.4150863409045917,0.41683550892175397,0.4172870966931798,0.4177766617438804,0.41837799067978537,0.41850347571131813,0.4187215745164941,0.41894150652620454,0.41905726496847145,0.41912137099680474,0.41921125777523005,0.41926044371735927,0.4193055994263207,0.4193303211854216,0.4193303984279658,0.41933081607046824,0.41933112097362385,0.41933145793184606,0.4193314897882403,0.4193317264606167,0.41933191402497405,0.41933215618244,0.41933243068720816,0.4193325257853259,0.4193328665151505,0.4193330932967966,0.41933347570978347,0.41933361107731615,0.4193339227051333,0.41933398773259134,0.4193344168564339,0.41933481247835763,0.41933527834983764,0.41933558141396116,0.41933582300931266,0.41933601348913,0.41933622064892473,0.41933626913265676,0.4193365148564858,0.4193367728801027,0.41933699607499214,0.4193370379208876,0.4193371169158351,0.41933720448781286,0.4193377485352427,0.419337884826015,0.4193383902856643,0.4193383966179106,0.41933864959266043,0.419339031958408,0.41933936526216115,0.41933942422560044,0.41933985038164107,0.4193399899776807,0.4193402857503058,0.41934035836676464,0.4193407767581831,0.4193408205122885,0.41934096099334167,0.4193409759630453,0.41934132637337695,0.41934158271294947,0.4193416935016377,0.41934192913124857,0.4193422267824427,0.41934295656821985,0.41934329329894404,0.41934349066796384,0.419343556299294,0.4193438642901731,0.4193439655512006,0.4193439889539028,0.4193441264192175,0.4193442721894679,0.419344550617357,0.41934459026113663,0.41934501913163164,0.41934536201389494,0.41934545917627936,0.41934553045564404,0.41934581473222543,0.4193464998023896,0.4193467281954315,0.4193467346522175
random,14,2,1,0.4196409991149078,7.632339911350927e-5,16384,1,8192,0.7731650520792969,0.23179942487860408,random,5,0.2715017071021137,0.2777692002468029,0.2777692002468031,0.27776920024680324,0.30452809072929615,0.31504078172922784,0.32088909766194573,0.3296495385490891,0.33567543574673886,0.349892382454775,0.34989238245477544,0.35325480699542994,0.354244234062781,0.3599465232639612,0.36006970869045496,0.3600697086904545,0.36019228808480813,0.36019228808480797,0.36019228808480785,0.36405909064349345,0.36405909064349373,0.3640590906434939,0.3640590906434937,0.36405909064349395,0.3640590906434941,0.3662429028791792,0.36624290287917904,0.36819308624519775,0.368220898363403,0.3682233441850366,0.36898268146399604,0.3689826814639963,0.36898268146399577,0.3724661016389699,0.37246610163897,0.3724661016389697,0.37275461781984875,0.37506520511128827,0.37631696391781766,0.3763169639178177,0.37631696391781744,0.3826646999074379,0.38266469990743845,0.3845011787870677,0.3845011787870676,0.3865912423806821,0.38659124238068215,0.386591242380682,0.3887706469942793,0.3887728745027068,0.38877287450270714,0.38877287450270687,0.3887728745027068,0.3900287863724706,0.39002878637247074,0.3901360688363377,0.39062236996600674,0.39062236996600685,0.39108617263687084,0.3910861726368713,0.39108617263687123,0.39108725072372785,0.39108725072372796,0.39108725072372846,0.39108725072372846,0.3910872507237288,0.39109399764862435,0.3926669711747873,0.39385379048328545,0.3938537904832853,0.39385379048328484,0.3938537904832851,0.39385379048328545,0.3938537904832856,0.39498113876325325,0.3949811387632536,0.3949811387632537,0.39498113876325375,0.39498113876325375,0.39498113876325425,0.39498113876325436,0.39498113876325375,0.39498113876325375,0.39498113876325414,0.3949811387632539,0.39512336896920974,0.3951233689692094,0.39582062363380976,0.3961489188088187,0.3961489188088189,0.39626563484336447,0.39626563484336425,0.3962656348433641,0.396265634843364,0.39626563484336375,0.3963535516975107,0.39635355169751113,0.39635355169751135,0.3967207548170391,0.3967207548170393
random,14,2,1,0.4196409991149078,7.632339911350927e-5,16384,1,8192,0.7731650520792969,0.23179942487860408,nsga2,6,0.11879109191895232,0.21432256489958493,0.2737738894227185,0.32889732171303404,0.3577461004903902,0.3677368331348717,0.3828652154020886,0.3872212863886508,0.3921731165197466,0.39934089562620156,0.40342807368031613,0.4044017255976451,0.4057816951017442,0.4062734770975078,0.4074682854430484,0.4090719118664262,0.409461992970263,0.410730485545624,0.4114399140109264,0.4120127721073531,0.4123653862947002,0.41265153027679075,0.4133425196290543,0.41343795071822775,0.4145157516632583,0.4166559512473598,0.41679112583183286,0.41683616507553634,0.41704779551903925,0.4171622814422369,0.4172239735817709,0.4172922549669332,0.41735311835567185,0.4173833650074049,0.41746505386874083,0.41751310341049036,0.41772703564532915,0.4177455834399958,0.4177982490527157,0.4178283184617301,0.4178843347586643,0.41790947194384503,0.4179319207438297,0.4179488527358727,0.4179594195778563,0.4179652731337498,0.4179907457119622,0.41807859155006466,0.4180918946169391,0.4181119162441815,0.4181221870028787,0.4181414368402432,0.4181524365327049,0.4181863900323351,0.41821413556720627,0.4182157323296422,0.41822996439890964,0.41823261526170846,0.418253289835852,0.4184524337422424,0.41845750004128385,0.4184830994780864,0.41849305181644464,0.4185060979470951,0.41852545848602385,0.41854326664035124,0.4185585045912919,0.4185616885061048,0.41856813406515675,0.4185726061011235,0.41858484911899707,0.4185959238237104,0.41860794283928465,0.4186188530308451,0.41862844544271244,0.4186384448613617,0.4186476076987059,0.418650345796828,0.41865555191489223,0.4186598626236852,0.41866825748733316,0.4186707410117025,0.4186856588726388,0.4186985609002827,0.41871414434815174,0.41871839884390616,0.4187232142425341,0.41873039194989703,0.41873135064145245,0.4187397150355451,0.4187552235412683,0.41875872812772974,0.41876048628609686,0.41878133271402324,0.41879891425694915,0.4188019627225619,0.4188056177771504,0.41881012800714884,0.4188170901002788,0.4188191161190874
random,14,2,1,0.4196409991149078,7.632339911350927e-5,16384,1,8192,0.7731650520792969,0.23179942487860408,omnioptimizer,6,0.08765892525491435,0.1275894397012084,0.1569526369727052,0.21238297656406124,0.264958227652243,0.32982219467796525,0.3655666312393906,0.37444582162857354,0.3968215497311522,0.3979168140899897,0.39986931636363854,0.4011990507646979,0.40884172917135514,0.41079215628797944,0.41147863475399404,0.4124836970971918,0.41294579819422644,0.4138357481307232,0.41420951114754023,0.4144515016785927,0.41462849193862594,0.4148109561227472,0.41496074647367587,0.4154236498110546,0.415656468897746,0.4158347811416777,0.41610553033290426,0.41672435158976584,0.4167727231550925,0.4168400080778916,0.4169588313338545,0.417063796932176,0.41716140167522614,0.41721799269730947,0.41726879863266964,0.4173125150010901,0.41734941530598263,0.41738195254593896,0.41746858493433336,0.41756229012965446,0.4176194181891466,0.4177051763318552,0.4177307597584223,0.417742700487218,0.41781654987153966,0.41786727259896145,0.4179007206344184,0.4179436027344983,0.417958587068148,0.41797977636414646,0.41799731658149314,0.4180087217592769,0.41803392187590943,0.41807494755974656,0.4180973696653636,0.4181240672926386,0.41814936697517385,0.41818212263465704,0.41820068243598757,0.41822351802438484,0.41827343989206073,0.4182909357019545,0.41830683482775743,0.4183207268727151,0.41833629800880034,0.4183468741080982,0.41835548889663654,0.4183737017095701,0.41838083282013616,0.41838319120607,0.41839842412646633,0.4184014593212809,0.41842086145057833,0.4184462452483799,0.41845146686687756,0.4184704815905766,0.41848160543817386,0.4184844206827832,0.4185054898196573,0.4185179203143186,0.4185290266725456,0.41853349022478914,0.4185546663327939,0.4185671012331783,0.41857490055173563,0.4185805476583395,0.41858889363373464,0.41860751289300274,0.41861392717467927,0.4186236395243595,0.41863724120200174,0.41864238231273493,0.41864782136886947,0.418652426728757,0.41865972608196467,0.4186702547600111,0.41869316427069186,0.41869561093141483,0.4187024788945293,0.41871012968823573
random,14,2,1,0.4196409991149078,7.632339911350927e-5,16384,1,8192,0.7731650520792969,0.23179942487860408,smsemoa,6,0.11879109191895232,0.19285252395001876,0.206563109798619,0.3537341714091201,0.3653202490131034,0.3939071838158299,0.3959089553083647,0.4017000628027458,0.40589924141413153,0.4083942033098266,0.4103344929077665,0.4110172655190736,0.41201178869648697,0.41224616761955524,0.41265596192049897,0.41322489754627684,0.4136174494784944,0.4144731467883914,0.414775428545369,0.41505447980776233,0.4155451881235892,0.41568999070422974,0.4159698816792144,0.41606616922082335,0.4162061123966951,0.4164386737255856,0.41684545012052077,0.41699403342753183,0.41732533641226566,0.4174675405202344,0.4175650109679784,0.4176566141453975,0.4177228153087698,0.41781167882979237,0.4179274480667022,0.4180319759939569,0.4181032026852656,0.4181598873430465,0.41819971397585914,0.41825535356499394,0.4182964486936713,0.41835996916542173,0.41841212892996016,0.4184835760323585,0.41854984959000313,0.4186043547886601,0.4186581908435837,0.4186672960075107,0.4186877976885468,0.4187101293267785,0.41874513668112323,0.4187670238163943,0.4187936331602344,0.41880613878780726,0.4188228991809353,0.4188714747838708,0.418889776066145,0.41891276050501963,0.4189233188120061,0.4189336518897414,0.4189500877372518,0.4189569366223848,0.4189663804411345,0.4189798760076359,0.4189938323772456,0.4190076212783351,0.41902197947407527,0.41903326523882456,0.41904389998231467,0.419055309901763,0.419063856821142,0.4190764079130496,0.4190819473100658,0.4190975075126706,0.41910931574604915,0.41912105357638163,0.41912858591835334,0.41913573337827814,0.41913857119887804,0.4191431574555072,0.4191783730734156,0.4191879184170791,0.419191411880721,0.41920003658147587,0.41920829300136764,0.41921684826306216,0.41921987456217896,0.4192251257493313,0.41922985585369593,0.4192329794412048,0.4192360244982278,0.41924355824640613,0.4192500646856029,0.4192548728059889,0.419290209241943,0.419295831142776,0.4193002530759624,0.4193061163013921,0.4193110817953865,0.41931350047143684
random,14,2,1,0.4196409991149078,7.632339911350927e-5,16384,1,8192,0.7731650520792969,0.23179942487860408,mole,6,0.28824919692104567,0.2914544056045087,0.3301944208115151,0.3377555087735134,0.3378173488756699,0.3424364447929739,0.3909120134746814,0.3928543163172813,0.3928583958484915,0.3928617592662996,0.3932088374611974,0.39329267491370157,0.39630950094452166,0.39630956606339085,0.39633777119511376,0.3967840198857982,0.4047216091192764,0.409694111629653,0.41258523011315135,0.41420438533869514,0.41595122511558685,0.416931170616399,0.4177800156333567,0.41812574199344893,0.4185196661843638,0.4187607277011041,0.41883855506459006,0.4189940465546375,0.4191318094737318,0.4192010128488555,0.4192478483261564,0.4192794247379715,0.41932257634066056,0.41933001945713133,0.4193302804062953,0.41933053101960327,0.41933059137183404,0.4193309263969052,0.41933095848414714,0.41933118614762044,0.41933137689350586,0.41933137696427814,0.41933162672212065,0.4193319807206669,0.4193324874874549,0.41933262458800474,0.41933305235387314,0.4193332029493874,0.41933331115482647,0.4193335333107137,0.4193340377719074,0.41933406207482493,0.419334492447146,0.4193346042419215,0.41933468805988716,0.4193350644374326,0.41933520147498854,0.4193352798416834,0.4193353646336365,0.41933556490784585,0.419335743709652,0.41933590740624826,0.41933590890702377,0.4193363131517789,0.4193365016817147,0.41933684088661716,0.41933686535332115,0.41933687718669227,0.4193370822446777,0.41933709815661546,0.4193371176378249,0.4193371496510539,0.4193371958555291,0.41933746940508587,0.41933747449138936,0.41933763421395714,0.4193376851617335,0.41933776066694883,0.41933802064097503,0.41933820771073316,0.41933831282995465,0.419338498631398,0.41933862317519216,0.41933876290370303,0.4193387844258605,0.41933909902694316,0.419339324434628,0.41933946437781916,0.419339729030199,0.4193398161129873,0.41933982769250955,0.41933984605830177,0.41934019242374615,0.419340490913956,0.4193405626525612,0.4193407017163092,0.4193407293714259,0.419340896986035,0.4193409025208588,0.419341229380134
random,14,2,1,0.4196409991149078,7.632339911350927e-5,16384,1,8192,0.7731650520792969,0.23179942487860408,random,6,0.187987509847123,0.21810589937874666,0.25570774761864945,0.3206365540423281,0.3206365540423279,0.32063655404232805,0.32063655404232777,0.32063655404232816,0.3206365540423283,0.32795386485137507,0.3279538648513751,0.33428120974520353,0.3342812097452034,0.33428120974520337,0.3384298398302209,0.3418901277987203,0.34528264107622597,0.3779786368473596,0.38027461573119553,0.38027461573119486,0.38027461573119486,0.38469428608478257,0.384694286084782,0.3846942860847815,0.38469428608478096,0.3846942860847807,0.38469428608478096,0.3846942860847811,0.38469428608478146,0.3856844362709276,0.38679533509599495,0.38679533509599445,0.389333206835473,0.3893332068354732,0.3923983899463171,0.3923983899463177,0.3923983899463179,0.3946173976304304,0.39461739763043074,0.39488315385988165,0.39488315385988154,0.3956716329814091,0.3956716329814093,0.39567163298140917,0.3956716329814092,0.3957523729705322,0.39575237297053234,0.39646791902008727,0.396467919020087,0.398042488412772,0.3980424884127723,0.3980424884127721,0.3980424884127722,0.398042488412772,0.39804248841277196,0.3980424884127723,0.3980424884127725,0.3980424884127728,0.39804248841277245,0.39804248841277307,0.3992468711769821,0.3992468711769822,0.3992468711769825,0.4007735823874876,0.40138146235000927,0.4013814623500095,0.4013814623500098,0.40138146235001,0.40138146235001027,0.4013814623500104,0.4013814623500102,0.4013814623500103,0.4015244460500486,0.40152444605004867,0.40152444605004856,0.4015244460500486,0.4015244460500487,0.4015244460500485,0.4015244460500486,0.4015615261652165,0.40156152616521684,0.401563185207356,0.40156318520735573,0.40170505382580457,0.40242021454695515,0.4024202145469551,0.40242021454695537,0.40250261143729704,0.40250261143729704,0.40250261143729693,0.40250261143729643,0.4025026114372966,0.40250261143729676,0.40250261143729665,0.40250261143729704,0.4025435348849842,0.4025435348849841,0.4025435348849838,0.4032223077500705,0.40322230775007034
random,14,2,1,0.4196409991149078,7.632339911350927e-5,16384,1,8192,0.7731650520792969,0.23179942487860408,nsga2,7,0.10045329976497626,0.11782252142773673,0.1554870875362217,0.3042624956793743,0.3536583032247312,0.3761748268991893,0.3936497911578899,0.39844976546920213,0.40171566426907523,0.4059565449771695,0.407135871132861,0.4094644325484741,0.41064917526712585,0.41125940833958735,0.41161712594364563,0.41187496283806324,0.4121672802470384,0.41244132508136616,0.41528682512486514,0.4155811636370873,0.41582849766205676,0.41599548209688,0.4163956456692493,0.41650458284157893,0.4166088698899714,0.4168760363724216,0.41697215131662124,0.4170506940753312,0.4171117737987209,0.41725057017556416,0.4172824440899947,0.41742335985637863,0.41749186838932933,0.41753083175426753,0.4175997023059481,0.417678413187532,0.417718831757809,0.4177376965069845,0.41777199502793305,0.4178182312564676,0.41784476730679126,0.41790109728178776,0.41792188693066856,0.417943062760441,0.4179673572271181,0.4179836821393016,0.41801878474947773,0.4180554248961543,0.41807426282030624,0.4180836370849734,0.4181060592516509,0.41812539866567494,0.4181522300107933,0.41817207545469853,0.4181851703028732,0.41819622452044625,0.4182154944604208,0.41823311190946294,0.41826063327462704,0.4182766269171983,0.4182826897999358,0.418306661482285,0.41831260771720136,0.41832389894705846,0.4184189232256592,0.4185297596985811,0.4185536511674595,0.4185692356686851,0.41858760782379734,0.4186017426333344,0.4186111422895326,0.4186224745575718,0.41863396042398726,0.4186385127117527,0.41865213558526976,0.4186692733969747,0.41867261811966844,0.418697195749842,0.4187035104905929,0.41871201034896394,0.41873064542604344,0.41873498850055285,0.4187421505701855,0.418750555367528,0.4187525486104458,0.4187536641917776,0.41876301050667136,0.41876863197770514,0.4187821523771057,0.4187905131540731,0.41879508771915447,0.41879598760108405,0.41879963341792187,0.41880539669559697,0.4188106775266526,0.4188154931246639,0.41882105008867504,0.41882554091260293,0.4188279060055925,0.4188316024810432
random,14,2,1,0.4196409991149078,7.632339911350927e-5,16384,1,8192,0.7731650520792969,0.23179942487860408,omnioptimizer,7,0.21034452615987667,0.2656532613562353,0.35259836959587443,0.37612164166119844,0.3869513637651115,0.3898670219006239,0.3940438905185645,0.4062513949329631,0.40830445342193156,0.41029221425179724,0.4108825314078388,0.41174525135906337,0.4130932866026835,0.4135132905615101,0.4144214927470757,0.41454102823658856,0.4147552436002849,0.4152471044465449,0.4153724139031523,0.4155244223655999,0.41574779816767615,0.41591031175327653,0.416069215673286,0.4162306055153274,0.41642600167276683,0.41646944424292087,0.41656614287285,0.41675154666418346,0.4168064356796809,0.4169305693038445,0.4169449024031095,0.4170118413651305,0.4170444011063763,0.41724766849321204,0.417412465068698,0.4174450800944034,0.41751086773095875,0.4175487103525853,0.4175764771293805,0.41762469808057495,0.417662603659247,0.41771785098200737,0.4177511353187929,0.4177955648950341,0.4178232360806313,0.41785473223705144,0.417876655205135,0.41792983309427667,0.4179757683880199,0.4180428443107382,0.41807180852059317,0.4180808295362328,0.41811230339132205,0.41812007819149155,0.41814374289974027,0.4181628994470019,0.4181886321291354,0.41821391405579583,0.4182413382789963,0.41825080811070803,0.4182638885872532,0.41829158821935863,0.41829757971134324,0.4183070341641148,0.41831334008615945,0.4183174113637372,0.4184447159079647,0.41845602798100884,0.4184615787422923,0.4184695872659822,0.41848347332801145,0.41848967672925236,0.4185192173334932,0.4185266523530403,0.41854726841065315,0.41856724517788074,0.4185796626281567,0.41859491141434957,0.41860317717846873,0.4186123719622069,0.41862026284159604,0.41863520795627246,0.418644865175787,0.41865393098677733,0.41865658530782074,0.41866609472846367,0.41867334230978914,0.41868387946707014,0.41869571811444634,0.41870463703213245,0.4187147716655978,0.4187218062760452,0.4187318426875686,0.41873306694671164,0.41873723520062056,0.4187458629726526,0.4187581820637478,0.4187707435494124,0.4187763759898848,0.4187865044400076
random,14,2,1,0.4196409991149078,7.632339911350927e-5,16384,1,8192,0.7731650520792969,0.23179942487860408,smsemoa,7,0.10045329976497626,0.21185997725983569,0.2748475606705906,0.326019291815733,0.32883066148608914,0.34436218254968615,0.3557826828720743,0.3692460329540755,0.37805696183689164,0.3821787339234488,0.3826088715614325,0.38740221047379964,0.3885230127459525,0.38933661374989315,0.3920964818561484,0.39726941890690753,0.3983826143237861,0.4012435308051114,0.401538781427602,0.4019255309092774,0.40266514966546785,0.4034820092675715,0.404026915458738,0.40463044273768056,0.4050300446773318,0.4059149847341173,0.40710185190855086,0.40738274203973845,0.4075953133703011,0.40785580743573674,0.4086522124731005,0.40896360371885354,0.40987899806715133,0.41014940817151846,0.4103861094676352,0.41052544490951215,0.4107620481888488,0.41087391740428586,0.4111628286741326,0.4111985209966498,0.4114558346344203,0.41216086862059165,0.41225009900383464,0.4128300920249599,0.41303077739344485,0.4131214474964556,0.4145903274676239,0.414819266175608,0.41509913942744714,0.4151364986312077,0.41686074301026355,0.41706846630646444,0.41757967678564323,0.41766509100197047,0.41784217277547964,0.41786041029936527,0.41799050261748283,0.41801626557796345,0.4180425690264462,0.4180932751486325,0.41811099706854726,0.4181550805195864,0.4183850908272728,0.41840731606734805,0.41843826493712216,0.4184483792560985,0.41850037411173807,0.41851660734489377,0.4185420389080993,0.4185688105059266,0.4185970320500052,0.4186197585608763,0.4187969468133591,0.41882198544583704,0.4188503659853067,0.41885622279581886,0.41886977342119497,0.4188897349276449,0.41891415112055463,0.4189738081946831,0.41897914732920977,0.41898490405212696,0.418992534685197,0.41899993735076035,0.4190033304347119,0.4190121429973331,0.41906803289183814,0.41908059881945603,0.41909342701660635,0.41910523316517917,0.41911205073209623,0.41913279641182577,0.41914350389245136,0.4191537918240367,0.4191587042585216,0.419165632504002,0.4191695034303698,0.4191713354079393,0.419178595700735,0.41918495363841296
random,14,2,1,0.4196409991149078,7.632339911350927e-5,16384,1,8192,0.7731650520792969,0.23179942487860408,mole,7,0.17575447721793178,0.1783226731261792,0.19848109541904863,0.19861175028673517,0.20545645226349984,0.3727690765525212,0.3999228248347053,0.39992374065001274,0.40187309439609187,0.40255298710831083,0.4041548925768222,0.40423805253213213,0.40429356736191124,0.4045911482150202,0.4046874837825419,0.406580659566256,0.41043241402659014,0.41317816396627255,0.4147347691389662,0.41616819823841267,0.4169201781548814,0.4177155767016607,0.4181712348531678,0.418537408452696,0.4186777463491185,0.41887440540675497,0.41901430348490687,0.41911982301262823,0.4191908958621917,0.4192546815161828,0.41930104041850835,0.41932963195755224,0.41932967674184896,0.41933014983488515,0.4193303116649499,0.4193304679882582,0.41933062296785695,0.41933070135122996,0.41933085730561176,0.4193312675083158,0.4193314376603235,0.41933155181575454,0.4193315775942125,0.4193317967802032,0.41933191647676826,0.4193322426227538,0.4193323927988787,0.41933263991740305,0.4193329970172569,0.4193333028719951,0.41933350254509266,0.41933350944006337,0.4193335882006852,0.419333718744603,0.4193338394134145,0.4193341183091898,0.41933421667829723,0.41933429166382136,0.419334298336987,0.4193343941760816,0.41933502021598323,0.4193353188150971,0.4193356170599454,0.41933589482945455,0.41933622943376964,0.41933662879113703,0.4193373109541929,0.41933760203694487,0.41933776219469876,0.4193378291582364,0.4193380796890908,0.41933853694382034,0.4193389298328549,0.4193397542063588,0.419339884742341,0.41933988726623805,0.41933990533386867,0.4193399473251854,0.4193401620609683,0.41934041568873104,0.4193405238253209,0.4193406052873878,0.41934081552609925,0.41934086937255727,0.41934091123719863,0.4193410015219495,0.4193412104251367,0.4193414604463631,0.4193418110636949,0.41934195886610126,0.41934221504804453,0.41934252191207416,0.41934253137436883,0.4193427751693191,0.4193431136348769,0.4193432770122899,0.4193436888691552,0.4193445185728158,0.4193445212635218,0.4193446109273427
random,14,2,1,0.4196409991149078,7.632339911350927e-5,16384,1,8192,0.7731650520792969,0.23179942487860408,random,7,0.19472792942535522,0.2373727488538637,0.2824740770838628,0.28767684524638903,0.34088003386820614,0.3408800338682058,0.3408800338682057,0.34116383952193835,0.34116383952193857,0.3411638395219385,0.34577564574772135,0.3457756457477213,0.3616345655145715,0.36163456551457185,0.3743060153889589,0.3743060153889589,0.37547043799133356,0.37547043799133323,0.37547043799133323,0.37547043799133334,0.37826300920400485,0.3782630092040048,0.38714681113838256,0.38771018963038756,0.38771018963038756,0.38771018963038706,0.38771018963038734,0.38771018963038745,0.38771018963038767,0.38771018963038745,0.3877481753088302,0.38774817530883054,0.3877481753088309,0.38774817530883077,0.38774817530883066,0.38774817530883093,0.38810858639400647,0.38810858639400675,0.3881414360643328,0.38818478148530483,0.3881847814853053,0.38818478148530544,0.3881847814853052,0.38818478148530555,0.388184781485306,0.3881847814853058,0.38818478148530566,0.38961603984889803,0.3896160398488981,0.38972127340459223,0.3897212734045921,0.38972127340459245,0.39118468333407497,0.3911846833340751,0.39118468333407463,0.39118468333407463,0.3911846833340751,0.3935831579108187,0.393583157910819,0.39489980733083885,0.39489980733083885,0.3948998073308387,0.39494117096529846,0.39560429781376394,0.3956042978137636,0.395698181934757,0.3956981819347573,0.39569818193475714,0.39569818193475687,0.39569818193475703,0.3956981819347566,0.3956981819347566,0.3956981819347569,0.39569818193475725,0.3956981819347571,0.39569818193475664,0.39569818193475653,0.39572361877283246,0.3957236187728321,0.39572361877283174,0.3957236187728319,0.39572361877283185,0.3961261483900253,0.39636109780125595,0.3963610978012558,0.39650842800256064,0.39650842800256086,0.3965084280025608,0.3965084280025608,0.39789421939316505,0.3978942193931649,0.3978942193931652,0.39789421939316544,0.3987507471780152,0.3989080144678882,0.4012846649003728,0.40128466490037334,0.4012846649003735,0.4012846649003736,0.40131279782708745
random,14,2,1,0.4196409991149078,7.632339911350927e-5,16384,1,8192,0.7731650520792969,0.23179942487860408,nsga2,8,0.06703920299828187,0.08549179709230842,0.25692099440504523,0.32238562570814944,0.3380515665094568,0.36370562318547467,0.3784749426883765,0.3890328003396752,0.3943601219031461,0.40173281602493216,0.405128318394934,0.4074414757943301,0.4084393819104996,0.40969051836646564,0.4101949531616075,0.41081587803076974,0.41148728506186955,0.41236778277854746,0.4130490047605333,0.4132764183769497,0.4141781399819129,0.41450994575886285,0.41463754636923184,0.4148677455097911,0.41504005801681565,0.4151977917293621,0.4158260799730028,0.41642110039056063,0.4164755064557,0.41666392208516306,0.41685976695899535,0.4169452518545303,0.41708827616512567,0.4172321083864437,0.4174049584706908,0.4174177644506598,0.41751732200524316,0.4176829838724535,0.4177090214939366,0.41778782756057287,0.4178233196395728,0.4178657845680626,0.41793049336794913,0.4180293849379633,0.4180556540263737,0.4180982723051585,0.4181381087944363,0.4181494083424247,0.41816583884240804,0.4182035807389642,0.4182124286478094,0.4182354737360307,0.41825451337917846,0.41826228086854844,0.41826576720655256,0.41829405579299606,0.4183079974045306,0.41835138100609603,0.41842622242822275,0.41849030782753044,0.41850145728540245,0.41852076176151404,0.4185345944326889,0.4185472450940809,0.41857029785935274,0.41858981028529463,0.41861481206389295,0.41862645622720035,0.41863769717672694,0.41864636774504876,0.41868319974500234,0.41869083317931416,0.41869891570187473,0.4187130744600447,0.418726311283459,0.41873308902758777,0.41874348725491617,0.41875471535345044,0.4187605818098247,0.4187659737287343,0.41877390835037853,0.41878748432392826,0.41879437851603146,0.4188051521945104,0.4188122514350276,0.4188187201361537,0.4188289934779979,0.4188387697971829,0.4188465974856874,0.4188499239827468,0.418852328006785,0.4188579563978143,0.41886455771470554,0.4188702306334633,0.41888011279928394,0.41889007467398376,0.4188922860192182,0.4189059093227336,0.4189104793793874,0.41891464244437393
random,14,2,1,0.4196409991149078,7.632339911350927e-5,16384,1,8192,0.7731650520792969,0.23179942487860408,omnioptimizer,8,0.11913038405205385,0.2687609805139018,0.29413036026763495,0.35049563229738084,0.3823196691857742,0.39449686919229343,0.3983061350761284,0.40485929624065364,0.4079022715315672,0.40979498942407155,0.4116091763867706,0.4120288742573856,0.41330798472960123,0.41382135869704967,0.4141549948979217,0.41433474171372636,0.4147589806279494,0.4149960394406849,0.4152006113166952,0.4156254310640796,0.41569599523377304,0.41580551196992804,0.4160103377650079,0.41616407732909594,0.4162831946542525,0.41634687591828545,0.4164906484019419,0.4166717366691725,0.4167349604505056,0.41681483935943475,0.41688729934805935,0.41692525007154557,0.416949825364003,0.41698350161643183,0.41707950279985834,0.4171031495913088,0.41712038600049656,0.4171620753881499,0.41724061400968865,0.41725629678585446,0.41746594633242035,0.4175246710852661,0.41754462628885364,0.41756939148631694,0.4176196100136448,0.4176426991719475,0.41766916097489376,0.41768111059181534,0.417896953298841,0.41791174201214565,0.41791751814133804,0.4179380747525072,0.41796002511103086,0.41796974728504893,0.4180034021598296,0.418015247013613,0.4180346060842023,0.41807355283896674,0.418095552941988,0.4181331072751203,0.4181695173017267,0.4182098410424403,0.41821735750333006,0.418237786300305,0.41824694314083527,0.41825774809654925,0.41826668021181046,0.41827203201059826,0.4182922929516874,0.41829435843809987,0.41831231732310387,0.41833206078604784,0.41834976029965687,0.4183968508605533,0.41841665368429903,0.41844653909367596,0.41845694185200216,0.41851209368081405,0.4185129145359065,0.41852053078257,0.41852808744283393,0.4185318943807852,0.418537634249933,0.41854567628682593,0.41858319358002827,0.41859020829593335,0.4186010300688791,0.41860489352299984,0.41860840901658114,0.41862365316897504,0.41863147251264726,0.4186379635937635,0.41864353139525184,0.4186482766385169,0.4186687830810684,0.4186760671892098,0.4186810950366374,0.4186866460355829,0.418699611957355,0.41870951034158044
random,14,2,1,0.4196409991149078,7.632339911350927e-5,16384,1,8192,0.7731650520792969,0.23179942487860408,smsemoa,8,0.06703920299828187,0.15911913342677458,0.2172878889350951,0.22214672922478051,0.31999617395273006,0.3572928428939182,0.36935707591391564,0.370216886846114,0.3771772498111149,0.3852163025823795,0.3882337820904343,0.38993710141516574,0.3925107591797448,0.39458551117800367,0.4003370611221075,0.4010537350820904,0.40296752624463883,0.4039692077422227,0.40529075032549217,0.40610321957431106,0.4071994613305615,0.40943368984904377,0.40983106097795535,0.41033791756228505,0.4106445978452945,0.4108692325693239,0.4112805984688555,0.4118872262009851,0.41407657067008324,0.4144795347240982,0.41485187091774844,0.4151256479488917,0.41523612941758453,0.4155593605068282,0.41608058431020617,0.4163171299766999,0.41652957617630215,0.4166712022879982,0.4167309801687519,0.41695370517624053,0.4170370341986735,0.41718495818454415,0.41723923088134596,0.41738646420226666,0.41743331750321866,0.41751293626119096,0.4176116908352145,0.4176797817049585,0.4176990547391259,0.41780950465846667,0.4179054342730855,0.4179408922563514,0.4179690279428021,0.41809712057430687,0.4181142481973674,0.41817629847458665,0.41819876887020474,0.4182466323250853,0.41828701335480084,0.4183208899305157,0.41836013444263337,0.41845325834824265,0.41850525414492845,0.4185324628896508,0.41855927461056663,0.4185688085021723,0.41858739400286143,0.41860278884424185,0.41862439923700345,0.4186522705649049,0.4186640404500053,0.4187014132756828,0.41873129787635144,0.41874324687519326,0.41880494067651525,0.418832651202797,0.41890282865239015,0.41891574215056865,0.41892152502274344,0.41893554985482034,0.41895535888332286,0.4189708518366931,0.4189770681036497,0.41898453119719975,0.418991742921556,0.4190006767203975,0.41901266852351543,0.41902394237244206,0.41902907741202516,0.4190367347541319,0.4190397911322627,0.4190456425498626,0.41905105089504663,0.41905623425516353,0.4190625599852446,0.4190696064717298,0.41907253245158177,0.4190766784845735,0.4190822363856314,0.4190866568496863
random,14,2,1,0.4196409991149078,7.632339911350927e-5,16384,1,8192,0.7731650520792969,0.23179942487860408,mole,8,0.28535630274493645,0.29020345751226545,0.36022507565875495,0.3700961663933533,0.3701252797142716,0.38448512810394775,0.3877471163694141,0.38824569828998096,0.38847738826970923,0.3884774483958069,0.3891949341205426,0.3892755546728144,0.38927948476669405,0.39161745316449437,0.4035161358634659,0.4088713563712628,0.4122561452814901,0.4144381528815549,0.41572968110931396,0.41692192839202724,0.41773725545450546,0.41806828757653747,0.4184599327301886,0.418764228700153,0.41889143077245405,0.4190504514520933,0.41917828744768254,0.4192359013630324,0.4192744528668075,0.41930950068165,0.41932991043089296,0.41933054008113313,0.4193308766905142,0.4193311786180238,0.4193315249521842,0.41933181360916794,0.4193326180738859,0.4193326315735361,0.4193330859158983,0.41933325775929214,0.419333534528376,0.4193336861990687,0.41933413734594566,0.41933444722840646,0.4193348613293643,0.4193351130156569,0.4193351625381884,0.4193353792325339,0.4193353985819841,0.41933562615047343,0.41933574742056523,0.41933579923581266,0.4193359992103206,0.4193363576606547,0.4193364734666475,0.41933650964256375,0.41933663216621897,0.41933665462711,0.4193368932740884,0.41933726241139957,0.4193373349875411,0.4193377681333804,0.41933803572493356,0.4193381462744582,0.41933821433643625,0.41933823734022607,0.4193388150033667,0.4193392440202607,0.41933924557510827,0.4193395703074243,0.419339588474711,0.4193398286939475,0.419340006105553,0.41934010751779316,0.4193401228235466,0.4193404174107713,0.41934060631967807,0.41934063819290934,0.4193411994608516,0.41934157317924975,0.4193416714533023,0.4193421370237535,0.41934217064320223,0.41934243859855774,0.4193426306551823,0.4193429099042793,0.41934301247012035,0.41934344166585175,0.4193437088420405,0.4193441173377078,0.41934418482639574,0.41934430918259347,0.419344799621809,0.41934481278950975,0.4193448676895435,0.4193449966297318,0.41934506701889956,0.419345737211125,0.4193457626815854,0.4193458851188246
random,14,2,1,0.4196409991149078,7.632339911350927e-5,16384,1,8192,0.7731650520792969,0.23179942487860408,random,8,0.22533806141441456,0.2351987130882995,0.30262407451095286,0.30262407451095275,0.30766610357826735,0.3076661035782672,0.3090505699605533,0.31769866066353974,0.32966189511411487,0.3395908708861374,0.33959087088613765,0.3476455193956538,0.3476455193956535,0.3476455193956539,0.347645519395654,0.348257024512317,0.3482570245123169,0.3482570245123169,0.3482570245123169,0.348257024512317,0.34890701402967533,0.3490525611611178,0.34927201598941243,0.35441974443851687,0.3544197444385165,0.3544197444385165,0.3594732296786061,0.3769254433039964,0.37692544330399597,0.3769254433039957,0.37692544330399563,0.3769254433039955,0.3769254433039947,0.37692544330399397,0.376925443303994,0.37692544330399397,0.3769254433039936,0.3773720721870036,0.37737207218700397,0.3773720721870042,0.37737207218700414,0.37737207218700425,0.3807940578837893,0.38079405788378917,0.38410903853856526,0.3841090385385655,0.3841090385385655,0.3854273587217277,0.385427358721728,0.38542735872172845,0.39208976397247014,0.3920897639724699,0.393265599827133,0.3932655998271334,0.3957265153543089,0.3957265153543079,0.3957277078853011,0.3983280018467469,0.39832800184674727,0.39850236471094225,0.39850236471094214,0.39995301772712827,0.39995301772712794,0.399953017727128,0.3999530177271282,0.4000081828019704,0.4000081828019698,0.40000818280197,0.40004252351248276,0.40004252351248276,0.4002972215043115,0.4002972215043121,0.4007704824691271,0.40077048246912717,0.4007704824691268,0.4007704824691265,0.40077048246912644,0.40077048246912644,0.4007704824691265,0.4007704824691265,0.4007704824691265,0.40077048246912667,0.40100075043907557,0.40113833422356476,0.4011383342235649,0.4011383342235653,0.40113833422356504,0.40113833422356526,0.4011383342235655,0.40159374186222424,0.40203027613878467,0.402030276138785,0.4020302761387847,0.40203027613878456,0.4020302761387844,0.40305464709698335,0.40305464709698374,0.4030546470969835,0.40364869452625074,0.4036486945262504
random,14,2,1,0.4196409991149078,7.632339911350927e-5,16384,1,8192,0.7731650520792969,0.23179942487860408,nsga2,9,0.026613293741732866,0.07367346749410804,0.10358104957266616,0.17790752329952325,0.22303275257083602,0.24095796632916902,0.32347863802973165,0.34938922955836305,0.36444779998168964,0.38750350738336486,0.39497565065405477,0.39574840530687827,0.39887252004317225,0.4075745683657883,0.40843675545388813,0.4110541661338395,0.41286216736867626,0.41314563540588156,0.4138198048619066,0.4144521944162018,0.414795578363447,0.41536929263731664,0.4156120199448683,0.4158044868114059,0.4159253720207663,0.4161474899850779,0.416257843708454,0.416413115343775,0.4166700652334035,0.41672796112406,0.4168417609012764,0.41698343720440006,0.4171274376624855,0.4172674853472634,0.4174260494596669,0.41767623488203737,0.4177226772224258,0.41773599337469136,0.41781183736927585,0.4178517100780062,0.4178853376921989,0.41792753327816723,0.4179770703410745,0.41802215007475335,0.418048943085634,0.4180587684385857,0.41807504764593606,0.41810082167300155,0.418123247325384,0.4181902307078762,0.41824119383235614,0.41825833499556375,0.4183042210749478,0.4183129280775275,0.4183454002451871,0.4183646658520667,0.4183809066278998,0.41839636017618276,0.4184200119682744,0.4184420108052016,0.41846007660724194,0.4184788613973065,0.4185063176938344,0.4185211265409088,0.4185468949546204,0.4185704806157142,0.41857588264154816,0.41858753496170426,0.41861296399900566,0.41862167722486426,0.41862527998610166,0.418634172468733,0.41863871927206503,0.418651881355735,0.41866836732367213,0.4186775032026077,0.41868685319220755,0.4186993192152448,0.41871180563874033,0.41872346013265876,0.4187302046794969,0.4187403285364811,0.4187505656207373,0.4187609882008603,0.4187677284161147,0.4187691930218549,0.4187843905564009,0.41879207585173744,0.41880068526154457,0.41880997579955476,0.41882125370821377,0.4188294500549912,0.4188377985836246,0.41884306839903707,0.41885149896493845,0.4188539090754409,0.4188558946354923,0.41886212961639346,0.4188646542381344,0.4188725046606273
random,14,2,1,0.4196409991149078,7.632339911350927e-5,16384,1,8192,0.7731650520792969,0.23179942487860408,omnioptimizer,9,0.10955496669139245,0.11161183193065702,0.19633092628284118,0.33090807779931986,0.37161615318179064,0.3819242379909871,0.3954313874796968,0.3990966473320677,0.40502493623795555,0.4078907465344372,0.41073743194156137,0.41126763956154466,0.41181163767377266,0.41236158391413924,0.41320987554483696,0.41348145590082247,0.41366107622201875,0.414120396068331,0.4150255662928184,0.4153340638783025,0.4154762654925164,0.4158406113293315,0.4160724595839951,0.4162657566417236,0.4163508091921194,0.41647367577288874,0.41657715960143016,0.4167294704501314,0.4168837632976511,0.41697002139825706,0.4170218817567071,0.41708159301708253,0.4171211381975408,0.4171875425620909,0.41727336972438384,0.4173207709208722,0.4173662965435207,0.4174228412199583,0.41744913293196695,0.41751101201994356,0.4175408181820295,0.4175947552250374,0.41763287441500135,0.4178672601902178,0.4179096009867848,0.4179174904286887,0.41793577326157355,0.41795382180635104,0.4179855945257904,0.4180255822404564,0.4180502418889838,0.41807609307406424,0.41810576280941664,0.41813381450848786,0.4181454309685419,0.4181585007854385,0.4181717163170298,0.418180637111266,0.418194725155499,0.41821152411356527,0.4182164549093336,0.4182525047798485,0.4182629387792256,0.4182768456446445,0.4182893795225181,0.4183222911820028,0.41833707814566773,0.41835474032396397,0.4183633542532483,0.41839623671393716,0.41844013076108827,0.41845413768122336,0.41847142316388275,0.418506715921772,0.4185195976322183,0.4185331273277955,0.4185410949528944,0.41854614883813573,0.4185569546908839,0.41856785679366476,0.4185786037589392,0.4185814776456907,0.4185823868203101,0.41859199957412396,0.41859865617597686,0.41860674030942235,0.4186088117322994,0.41861374003535107,0.4186172909034803,0.418623083720177,0.4186475369562003,0.4186510097234124,0.41865936987903646,0.41866138359180444,0.41866816587724404,0.4186915924429151,0.4187015100932973,0.4187060480918995,0.4187119063512843,0.4187148607080964
random,14,2,1,0.4196409991149078,7.632339911350927e-5,16384,1,8192,0.7731650520792969,0.23179942487860408,smsemoa,9,0.026613293741732866,0.1341942076161991,0.13543144797195708,0.16467159983990654,0.23482068425579203,0.25601448801451726,0.2949770935096246,0.31282075795836245,0.3624093197309975,0.3651159460085292,0.37373670587139013,0.38342997176252025,0.38654578308172927,0.3908443485437624,0.3929176470527568,0.39738464666640705,0.3994181926765445,0.40036500330874464,0.4008122207307029,0.4011424149768852,0.40169413622250655,0.4026322214255854,0.4099346403510979,0.411514445350365,0.41178460434486724,0.41206292668138494,0.412674108050265,0.41305246180182437,0.4132387111261237,0.41372535573073316,0.41408779341185736,0.4142469142050603,0.414362670594953,0.4145956072770015,0.4146706617187346,0.4152782688476136,0.415377310823579,0.4154928632757862,0.4156094348742544,0.41564659148378086,0.41571116333970504,0.41653752267172334,0.4166002162457852,0.4166499297127208,0.41670130793187193,0.41675385034101203,0.41680248120696134,0.41682487197011503,0.41684142993805445,0.41689218266539446,0.41692361331557465,0.41694315123813447,0.4169847384658209,0.41700472134791594,0.4170245680461349,0.41703860590309644,0.4170922383677828,0.41716492854401627,0.417175652983745,0.4171955152595564,0.4172481596014797,0.4172629492877456,0.4175199386701925,0.4175277971124262,0.417556851210586,0.4175678672136302,0.4175923113797071,0.41762841704391096,0.41765860577210906,0.41766460256398413,0.41767292412147017,0.4176791159358854,0.4178322367454404,0.41785087768531837,0.41785713184751205,0.41786544749203575,0.4178739984533008,0.41792949828545184,0.41795424674602594,0.41798071881017235,0.4179912494510141,0.4180615895208208,0.4180921571021087,0.4180965024234019,0.4181093060931012,0.4181227920013179,0.41813191382562626,0.4181646644396484,0.4182101215757041,0.4182146303339539,0.4182262347132677,0.4182341412213495,0.41823669911758166,0.41823947357812175,0.4182429377576303,0.41824895424364206,0.41825329701051345,0.41825797011588045,0.41826953548659357,0.41827696807643233
random,14,2,1,0.4196409991149078,7.632339911350927e-5,16384,1,8192,0.7731650520792969,0.23179942487860408,mole,9,0.25360743671986213,0.2662973314047649,0.33553244714715036,0.34360749977631916,0.3436872928024307,0.3753026045029285,0.38992409128420635,0.3899249906317935,0.3899867652131885,0.39001674461369035,0.39495544916275477,0.39498726567909676,0.3956016931398252,0.395622775963489,0.3958872840681603,0.4059143384191558,0.4100974678439485,0.4130986168324149,0.4146684393297318,0.4160581484552672,0.41736438093728845,0.41795160893955224,0.41846646445691316,0.41864808958541416,0.4188754960528504,0.4190466821528531,0.41913276093241636,0.41917704478577916,0.41924354768783423,0.41930067161681817,0.41932979769446344,0.4193301850596124,0.4193301903363528,0.4193302946113581,0.4193307453438328,0.4193310586334345,0.41933160364186856,0.4193316364142259,0.4193317536394481,0.4193319777370658,0.4193324652277502,0.41933268041010757,0.4193328605683666,0.41933333217420893,0.419333469529252,0.4193338494004743,0.41933403262653124,0.4193340739302242,0.41933422976609824,0.4193343466216186,0.4193344888283517,0.41933471004076234,0.41933471147306023,0.41933476120863694,0.41933485342218163,0.4193348712288387,0.4193352248912322,0.4193352605765549,0.41933528567606404,0.41933529443634626,0.4193355182520506,0.41933563380104377,0.4193360677953615,0.4193361921402913,0.4193363886817706,0.41933646897622234,0.4193368909717222,0.41933701907950727,0.41933718725957314,0.4193375799129776,0.41933780038876844,0.41933794723631773,0.419338328454639,0.4193383285022552,0.4193387327676646,0.41933892807758366,0.41933939689501487,0.419339417478522,0.4193396061148171,0.41934006133177,0.419340199952162,0.4193402670960791,0.4193403688578775,0.419340484888091,0.4193405605282302,0.41934058675195185,0.41934070877679236,0.41934119012064375,0.419341190120644,0.41934149172746626,0.4193415254127365,0.41934181506303775,0.4193419319899303,0.41934211280629047,0.4193423216311875,0.4193424638205596,0.4193424964152833,0.41934263260329285,0.4193430481283536,0.4193434079283445
random,14,2,1,0.4196409991149078,7.632339911350927e-5,16384,1,8192,0.7731650520792969,0.23179942487860408,random,9,0.11510110402991583,0.28756262605410776,0.28756262605410826,0.30265071532731125,0.32016909708673746,0.32871933589624786,0.3289621110494439,0.33232506335649137,0.33232506335649115,0.3323250633564911,0.333174047896888,0.3366260554813843,0.3366260554813839,0.3366260554813842,0.33662605548138386,0.3366260554813841,0.3366260554813843,0.34155359039363653,0.34155359039363675,0.3482682859271841,0.35052798772873384,0.35052798772873367,0.3505279877287336,0.35052798772873367,0.35178781368101547,0.3571063353952782,0.35710633539527814,0.35710633539527825,0.35754496806673336,0.3575449680667334,0.35754496806673325,0.3575449680667329,0.35754496806673314,0.35754496806673297,0.3594257989636237,0.3599028233539607,0.3599028233539606,0.35990282335396073,0.35990282335396023,0.3599028233539599,0.3599028233539598,0.3599028233539597,0.35990282335396,0.3599028233539602,0.35990282335396057,0.35990282335396023,0.36100173264649993,0.3610017326465005,0.362786749948225,0.3627867499482256,0.3633749213869249,0.36337492138692457,0.3660313395122388,0.36730027093099366,0.3696776434716622,0.36996271418385696,0.3699627141838566,0.3699627141838563,0.3699627141838565,0.3699627141838564,0.3699627141838564,0.3699627141838568,0.3699627141838569,0.3699627141838572,0.37011509900021544,0.3701150990002156,0.37011509900021544,0.37011509900021533,0.3701150990002158,0.3701150990002157,0.37011509900021605,0.39955491114633707,0.39955491114633707,0.39955491114633684,0.39955491114633623,0.39955491114633607,0.3995549111463364,0.3995549111463365,0.39955491114633646,0.39955491114633657,0.39984908004936087,0.4002717172245772,0.40033095033903615,0.400951958532009,0.40133908018994285,0.40133908018994296,0.4013390801899427,0.40133908018994274,0.401621344857284,0.40162134485728335,0.401621344857283,0.40162134485728285,0.4016213448572827,0.40162134485728285,0.401621344857283,0.401621344857283,0.40178132938347944,0.4017813293834796,0.4017813293834798,0.40182458055062714
random,14,2,1,0.4196409991149078,7.632339911350927e-5,16384,1,8192,0.7731650520792969,0.23179942487860408,nsga2,10,0.08909667775485819,0.1056756658181462,0.19226444576374926,0.22953888104736755,0.33846042210006594,0.37543829864463146,0.38375722347499686,0.3885889339993537,0.3965876508353036,0.40118900276424135,0.4029805591235249,0.40795347792804043,0.40955564293918345,0.4115868910233432,0.4121209889040126,0.4126165826169691,0.41288699945042595,0.4134656142954015,0.41379124164683984,0.4141214188659713,0.4142208449418044,0.41436055725550747,0.4146035652270992,0.4154131024390634,0.41559032453840983,0.4158862758755644,0.41619445858479287,0.4162669831352271,0.41659395787427267,0.416684667387906,0.4167232505258935,0.4168114088706834,0.4168323561296285,0.4169380382960646,0.4170211245800862,0.4171085940623478,0.4171843855432271,0.4172255600220503,0.41733946720934767,0.4174925258081956,0.41757017118744133,0.417621002814051,0.41765375435766894,0.4177435715203872,0.4177690420778879,0.4178192593624919,0.4178901381016856,0.4179058708689751,0.41791687074727923,0.41794395837791015,0.4179541578729892,0.4180094600519844,0.41805973908270677,0.4180667983310834,0.41811407506344805,0.4181467701680921,0.4181584206346645,0.41817436222100396,0.4181830350308686,0.41823665207556127,0.41824569937069367,0.41827015523494604,0.4182794415653123,0.41829616096204664,0.4183039551324177,0.4183131754203886,0.41832967387242387,0.41833987401970385,0.4183540455433226,0.4183651570692103,0.4183758737294307,0.4183789972619218,0.4183891777909949,0.41839161729701857,0.41840908125487375,0.4184131103434982,0.41845435748022347,0.4184892717824874,0.41851782247842556,0.4185242767417473,0.4185328987154887,0.41854284854389245,0.41854912608031253,0.4185591225351802,0.41856444051205727,0.4186059780763623,0.4186134190573569,0.41863808762431404,0.41865256865976824,0.4186593878005713,0.41866466989785817,0.4186680721151111,0.41867291087471725,0.4186754844813674,0.41867900098657396,0.4187701734894687,0.41877682682479545,0.4187835755577798,0.41879306472245287,0.4188002989702891
random,14,2,1,0.4196409991149078,7.632339911350927e-5,16384,1,8192,0.7731650520792969,0.23179942487860408,omnioptimizer,10,0.03280471886076475,0.0446201598072192,0.18675787765317708,0.26756194833528535,0.29882672738512306,0.3501110057665193,0.365491320052385,0.39318023654423057,0.4014670849790711,0.40565347866365103,0.4091084272874824,0.4105459523152064,0.41182702938637206,0.4123109788069224,0.4129335023140881,0.4135352315894204,0.41417471286063684,0.4145255270835732,0.4147850024707795,0.4150513347514524,0.4153012413504239,0.41548238774431184,0.4158733731464935,0.4159663778736528,0.4161456512714966,0.416316944879208,0.41647370160719976,0.41657656314226327,0.4166795242707298,0.4167414659393625,0.4167710576855159,0.41688651110941277,0.4169273718691331,0.4170196036948601,0.41708099819294386,0.41719547485707614,0.4172317202444196,0.4172655504140508,0.41730472894860965,0.4173673493691153,0.41743247561684965,0.41745721210528813,0.4174681780252933,0.4174800014930037,0.4175249888831345,0.417540738116231,0.4175715949330028,0.4175906202091039,0.4176056334222181,0.4176285463434483,0.4176608000883304,0.41768643699674135,0.41769605846625046,0.4177227502658386,0.41774059810008646,0.4177672370471648,0.41777054825814697,0.4177957379789937,0.41780845447658527,0.4178198209512286,0.4179110948841654,0.4179398406551239,0.4179674676158499,0.417992678230969,0.41802259950122866,0.4180376955044933,0.41805914201360606,0.418071741665833,0.4180968144536928,0.4180984556996556,0.41811704823884255,0.41813466749779754,0.4181558983914392,0.41815752048472876,0.4181653949399074,0.41817903869990725,0.41818687677470545,0.4182014531798168,0.41821491993847515,0.41822366227034397,0.4182314581331658,0.4182528829692872,0.4182649214957588,0.4183735465972644,0.41839078627363435,0.4183987307882571,0.4184143772114627,0.4184314864162816,0.41844135098932006,0.4184538096904923,0.4184642059735657,0.418468794003433,0.4184738999024786,0.41847755104908907,0.41848838805416944,0.4185007835097158,0.4185011653131612,0.4185070322089907,0.4185116329204414,0.41851768576132853
random,14,2,1,0.4196409991149078,7.632339911350927e-5,16384,1,8192,0.7731650520792969,0.23179942487860408,smsemoa,10,0.08909667775485819,0.13684582757829317,0.16825885149310787,0.2904849546257272,0.30037892066972366,0.3077786214406706,0.33001441800589093,0.33888742680552875,0.35403966633184897,0.357982763231624,0.35906800165164277,0.3600689032491693,0.36084619652183403,0.3610769522580652,0.37381430580093483,0.3774084585115532,0.3780477406684581,0.38054728493718437,0.38065894363165037,0.38735022299317695,0.389048306061271,0.38919752410134506,0.39351819731744825,0.3936484379446726,0.39612871480652534,0.39676095397510297,0.3973078397483526,0.3985336979379893,0.4009788891328655,0.4104865092354508,0.4108858833805879,0.41121097499803727,0.4117002845991802,0.4120359279568413,0.41237064034063736,0.4124860705718604,0.4126915856000819,0.4128165523254006,0.4129325055017055,0.41636928654497096,0.41646869361188016,0.416570190215257,0.4166637965237084,0.41674365180143297,0.4168030170715628,0.41697906085781705,0.41703019913153117,0.41705019310469,0.41707416758035587,0.41711902875289403,0.4171772581807461,0.41721279243674164,0.4172581989131534,0.41844803433105304,0.4184979720367536,0.4185229469621243,0.41854641507357127,0.4185753030621693,0.418604936292376,0.4186346360855787,0.4186580379470679,0.41866652806297217,0.4186878194743827,0.41870270015127675,0.4187170947116713,0.41888736764417345,0.4189014513759385,0.41891028760782456,0.41892642700955157,0.4189353410901373,0.41896033682287015,0.4189698680116983,0.4189804810018252,0.4189894801385678,0.41900229484655516,0.4190131545891361,0.41901705023088864,0.4190226198469518,0.41902981760816854,0.4190395661454483,0.41912531831051775,0.41913336867948237,0.41914174673148724,0.419155330653818,0.41916259583592647,0.41916624814986225,0.4191742512751344,0.4191840276527792,0.4192071504766583,0.4192118225183858,0.41921761046287975,0.41922551127809143,0.41923486971521434,0.4192386564122497,0.41924340984412506,0.41925007638142353,0.4192541304772602,0.4192612242826513,0.4192645252808698,0.4192673375431866
random,14,2,1,0.4196409991149078,7.632339911350927e-5,16384,1,8192,0.7731650520792969,0.23179942487860408,mole,10,0.30378501367228783,0.3079231574905952,0.3673007508058545,0.3763947846237238,0.37643527255199716,0.37735789945498954,0.3894444015456456,0.3967508551897494,0.39697453401243493,0.397005281576818,0.39700695398136454,0.3998218131460347,0.39982262434738464,0.40098569600434225,0.405660073956808,0.41023911599253765,0.41236446749178723,0.4143928578494835,0.41576606919285636,0.41697850771737843,0.417721207456194,0.41808409826742765,0.4185499537621221,0.4187444326036214,0.4188755858116076,0.4190573742822556,0.41916141371027976,0.41922274540569937,0.4192509458338688,0.4193128218324943,0.41933023103494643,0.41933074154905214,0.4193311748434853,0.4193314307358323,0.41933170951062576,0.4193317260541531,0.41933186634323377,0.4193321631498022,0.41933232097652046,0.41933267730926704,0.4193330409072933,0.41933319193515106,0.4193334124220897,0.41933371064278724,0.4193337637486954,0.4193339230892231,0.41933404908668753,0.41933406995663225,0.41933455735961045,0.4193348058453384,0.41933485644955076,0.41933541440347677,0.41933559060316605,0.41933586424700986,0.41933608120888866,0.41933629655174837,0.41933639730987476,0.41933667754051934,0.41933676337983566,0.41933713343159446,0.41933744349100466,0.419337811677407,0.4193379551957775,0.41933831402562527,0.41933847117271567,0.41933858148643993,0.4193386224147044,0.419338672515406,0.41933892797636774,0.4193392922789529,0.41933959020279776,0.41933968653281606,0.4193397937382913,0.4193407424889939,0.4193410112074287,0.4193411619589963,0.4193414684936905,0.4193415735761112,0.41934166557566666,0.41934170492611295,0.4193418487974047,0.41934193958346005,0.41934213055973557,0.41934230666322253,0.41934236966997396,0.4193425512444027,0.41934301203441915,0.41934308893988503,0.41934325600300426,0.41934330665955205,0.41934349061165344,0.4193435022999453,0.4193439579829392,0.41934423450009306,0.419344403111467,0.4193447405275114,0.41934516056927784,0.4193454240786448,0.419345798729607,0.41934594402883674
random,14,2,1,0.4196409991149078,7.632339911350927e-5,16384,1,8192,0.7731650520792969,0.23179942487860408,random,10,0.15138912779063243,0.2293575959781767,0.22935759597817687,0.27713449785079514,0.31838998220127157,0.3183899822012713,0.33031507551213424,0.34534451184256204,0.34534451184256265,0.3453445118425627,0.3453445118425628,0.34534451184256265,0.3453445118425625,0.3453445118425623,0.34550861609565836,0.3514153096644839,0.3514153096644838,0.352880365644281,0.3646122891368296,0.3646616020764724,0.3646616020764723,0.3652541275285731,0.36525412752857345,0.36836621931105784,0.37325058150941864,0.37350382165944707,0.37848995763966137,0.37865981823770006,0.38058970525502755,0.38058970525502767,0.38329799635555484,0.38329799635555495,0.38329799635555495,0.38536739706623335,0.38648596680228836,0.38693152756856025,0.3869413453006079,0.38769299675581176,0.38769299675581215,0.38769299675581176,0.3884982678651104,0.3884982678651104,0.38878343931574005,0.3887834393157405,0.3887834393157405,0.38878343931574005,0.3887834393157399,0.3887834393157398,0.38897744712061816,0.38972032135459495,0.389720321354595,0.38973044568588017,0.38973044568588056,0.38973044568588106,0.3898158323602145,0.3901675502947879,0.393266477078261,0.3986390271651652,0.39882339371313696,0.39882339371313696,0.39886571610782323,0.39886571610782307,0.3988657161078235,0.3988657161078236,0.3988657161078233,0.39886571610782323,0.39901867517833417,0.39907602897835004,0.39907602897834976,0.39907602897834976,0.39911518641021293,0.3991151864102135,0.3991151864102133,0.39911518641021293,0.3991151864102127,0.39911518641021304,0.39911526740628195,0.399115267406282,0.39911526740628195,0.39911526740628256,0.3991152674062828,0.39953946490905007,0.3995394649090496,0.39953946490904974,0.3995394649090497,0.3995394649090494,0.3995394649090494,0.3995394649090491,0.3995394649090491,0.3995394649090489,0.4010761062936363,0.4010812639301421,0.40108126393014226,0.4010812639301424,0.40108126393014204,0.4010812639301422,0.40108126393014226,0.4013277020785962,0.4013277020785966,0.4013277020785973
random,14,2,1,0.4196409991149078,7.632339911350927e-5,16384,1,8192,0.7731650520792969,0.23179942487860408,nsga2,11,0.0979641717984898,0.16982209956078417,0.18384624326056506,0.23994939460860348,0.30311579724209964,0.37538919933307185,0.38790089999705313,0.39685431462506493,0.4009574638949936,0.4020960801170716,0.4049359877221894,0.40741906228844,0.4096293943292817,0.41012140422838306,0.41055505586940044,0.4111141744038394,0.4124936215677155,0.413040109580179,0.4137601105566555,0.41413903791478623,0.41430614704565605,0.41454337961746457,0.41489674497677437,0.41507054796735493,0.41518038136091817,0.41522611131203535,0.4159529712950946,0.41600231338550836,0.4160576510247812,0.416132933711721,0.41620545379133483,0.41658357360517867,0.416654932447338,0.41672036764788617,0.4167628769515001,0.4168252676161197,0.4170562868271311,0.41713290353616134,0.41750935472008827,0.41753847736889604,0.4175658086920755,0.41770151105764775,0.4177346986237804,0.41774644727932925,0.4178719663722104,0.4178954497517495,0.41793036611091894,0.4179631972896488,0.41798379131440205,0.41802366193992246,0.418040731144186,0.41806255063740616,0.41813603190828114,0.4181649785398756,0.418173186357857,0.4181837861676167,0.41820911282019957,0.4182400832040166,0.41825173566960183,0.41827216068642536,0.418294160361403,0.41830871776446366,0.4183185793439301,0.41834278784035683,0.4183536595213748,0.41836744069413007,0.41839585612664887,0.4184194619876076,0.41844011993385355,0.4184444232486987,0.4184485041659958,0.4184761711696862,0.41849822457167357,0.4185043722403006,0.4185373572435317,0.4185530271554331,0.41857653945556894,0.4185827312538739,0.41860011008683534,0.41861498385020013,0.4186208236525159,0.4186410775913506,0.4186619596771135,0.4186760469951853,0.4187019668351122,0.41870630021676297,0.4187123821490619,0.41872382081242104,0.418730634688863,0.4187365346224303,0.41874758741013945,0.4187496631176225,0.41876133954825906,0.41877029031578805,0.4187739667564014,0.4187807430067687,0.41884409573048176,0.418848901247527,0.4188537837818462,0.4188606828849364
random,14,2,1,0.4196409991149078,7.632339911350927e-5,16384,1,8192,0.7731650520792969,0.23179942487860408,omnioptimizer,11,0.17150354567312562,0.18804597201871442,0.2171334559976534,0.30126574451522986,0.33498927790584326,0.33936595675547765,0.36058533882541555,0.36143259300489394,0.3867696950267887,0.395085993455573,0.4046816556481761,0.4057641588127112,0.40757136512731595,0.4091537672216829,0.4124109584932812,0.41360273946205195,0.4138939357788417,0.41413306392884164,0.4142500674101519,0.41439112885699103,0.4145884228956563,0.4150019809297769,0.4154207854673075,0.4156817685872722,0.4157827022486703,0.415983243084675,0.41610503833900503,0.4162059917147652,0.4163304271620434,0.41640315568984504,0.41647757546027403,0.4165601036669758,0.41660614403612056,0.41666476216267573,0.4167113855927723,0.41683933764664943,0.41689211087131944,0.41702459354625593,0.4170561331905417,0.4171023267466375,0.41714056426815443,0.4173515258531144,0.41737312443305574,0.41741359269707357,0.41742381423880653,0.4175148157921121,0.41754033323742473,0.417615335793428,0.41768929887978773,0.4177048075711036,0.4177285960855709,0.41774973245018543,0.4179294968228993,0.4179483242216056,0.41795815403343867,0.41796160952401107,0.41797823246973254,0.41801243780458325,0.4180262375116482,0.41804326960271243,0.41805134830630986,0.4180553893245955,0.41807601713351544,0.4181126476567713,0.41811920164784994,0.41814937961272636,0.4181564347259725,0.4181669327872013,0.4181765299975663,0.41824608638002636,0.41826202620871805,0.41826849157362056,0.41829599747243557,0.41830837002676285,0.41832329182548267,0.41832807201269917,0.4183401834697249,0.41835263982217336,0.4183583584958087,0.4183680321018631,0.41837709261735123,0.41839332935166745,0.41839897906424633,0.4184210380317919,0.41842785918305037,0.41846505100655323,0.41847693456316404,0.41849445931568335,0.41856767584380383,0.41856880461774204,0.4185703552932877,0.4185793068750653,0.41858746341660946,0.41860004222317315,0.4186087123352366,0.41861675789104275,0.4186277134347581,0.418639864186111,0.41865193109611987,0.4186579815120911
random,14,2,1,0.4196409991149078,7.632339911350927e-5,16384,1,8192,0.7731650520792969,0.23179942487860408,smsemoa,11,0.0979641717984898,0.19293166253906724,0.22860524859459996,0.25157498006672485,0.3214151284744929,0.3374564898020927,0.3405198875174491,0.3419885935145831,0.35466230732310416,0.39255983307466846,0.3960508962587413,0.3967021380621777,0.39753563863973496,0.3980739937370312,0.39887807265693864,0.39959566731469265,0.4011482756211721,0.4024486565313284,0.4026783710484327,0.40300867884524183,0.4037923319300873,0.4062255464138005,0.40757317763043793,0.4078042467357687,0.40810131887604784,0.40851560931707026,0.4087548851592175,0.4092110817394554,0.4094461265622356,0.40950397569364044,0.4095951274039282,0.4099242678232745,0.4100804802568184,0.41013120746208465,0.4111844133650911,0.41131141365359336,0.4116350860110078,0.41170683113543316,0.4117573839680541,0.41184263634256146,0.4119602709712631,0.4125618096468899,0.4126759190200668,0.4127070782713336,0.41279494932715805,0.4128148695166835,0.41285762064243264,0.4130225259398654,0.4130418725118487,0.41319961139232536,0.4132670051568879,0.41328975673645435,0.413324484489686,0.41333525017676936,0.413366795150195,0.41345991413568667,0.41348798428968464,0.41400581702998346,0.41459078271191124,0.41618047779770967,0.416191835384555,0.416211346596112,0.4162363999255757,0.4166714091858914,0.41669369378175314,0.4167208915854786,0.41672840128145816,0.41680530471455945,0.41800263472616944,0.4182442521589717,0.41825468925526293,0.41829009983244764,0.41836087519838183,0.41837234982308724,0.41839096384741087,0.41841681071790976,0.41846769851649057,0.4185989364581392,0.41861569894553663,0.4186485164525997,0.41865788375872437,0.41866929610289716,0.4186870148439091,0.4186947271890125,0.41870149043235727,0.41871009173085755,0.41880257762702483,0.41880665581372534,0.41883099779184746,0.41884495274242667,0.4188518649122336,0.4188565903164088,0.4188613464156382,0.41886414189124954,0.4188733309495983,0.4188782222072066,0.41888230569160995,0.41888478414133246,0.4188990762120843,0.4189085243594176
random,14,2,1,0.4196409991149078,7.632339911350927e-5,16384,1,8192,0.7731650520792969,0.23179942487860408,mole,11,0.2680520523806818,0.27386946346925267,0.345018831747126,0.3536109979115692,0.35399878307349614,0.35481218330340775,0.3888927834983183,0.3889258983518423,0.3890103781164916,0.38907627226025765,0.38959570529075815,0.39332654624357843,0.3933910119638589,0.3937487828490019,0.39453974533626407,0.4003767898094856,0.40730549362515195,0.41087918111181015,0.413452966113231,0.4151967901432066,0.41679845932543436,0.41743799855072206,0.41810458794697025,0.41836155881963755,0.41875573524027054,0.418870516980294,0.4189679309590876,0.4191362791957316,0.4192200401519387,0.41926656797283857,0.41930066825962925,0.4193297513470162,0.41933017248278753,0.41933027345284657,0.4193306651679625,0.41933077196618884,0.41933113217365936,0.4193311402034123,0.41933134615261586,0.4193316626904411,0.41933186459010785,0.41933277680103703,0.4193332335803685,0.4193334535152577,0.4193334919477471,0.41933395248980226,0.41933425288926646,0.4193343958972113,0.41933447409920394,0.41933450124425653,0.4193347660854044,0.4193349646503495,0.4193350602265714,0.4193354365553553,0.419335658207942,0.41933594579193184,0.4193362849393929,0.41933654690822075,0.4193367557772625,0.419336798846645,0.4193369038812671,0.4193369315956832,0.41933711204404234,0.419337276184844,0.4193376113148692,0.4193376479599405,0.4193379329513007,0.4193379419682324,0.41933802585600816,0.419338132222089,0.41933825687210013,0.41933837027416776,0.4193388413438652,0.41933925737671424,0.4193395760922085,0.4193398323771256,0.4193398595757159,0.4193398917678447,0.41933992619765353,0.4193400069982562,0.4193403824381471,0.41934048343191754,0.4193411725395221,0.41934153291598,0.41934182918165874,0.41934241801745403,0.419342699030277,0.4193428595962461,0.4193433411009631,0.4193433595392067,0.4193433936974649,0.4193434669874532,0.41934372116168606,0.4193438331397938,0.4193440231458293,0.4193440679905424,0.41934412104535923,0.4193443834682891,0.4193444827190354,0.41934469626308635
random,14,2,1,0.4196409991149078,7.632339911350927e-5,16384,1,8192,0.7731650520792969,0.23179942487860408,random,11,0.21241210359786986,0.2500510230600024,0.2603094713001576,0.34047044928394765,0.34047044928394754,0.3475786795259459,0.347578679525946,0.34864745580597234,0.3486474558059722,0.3508696662990584,0.354301923222073,0.3573953122589452,0.3595531100629509,0.35955311006295093,0.3595531100629511,0.3629189957778799,0.36291899577788017,0.36291899577788017,0.36291899577787984,0.3640063000247527,0.36639373299209416,0.36853209150961924,0.36853209150961913,0.37748762717249956,0.3774876271724996,0.3774876271724995,0.37748762717249934,0.38264747749792616,0.38264747749792544,0.3826474774979252,0.38341027524296056,0.383410275242961,0.3834102752429609,0.38346563815611595,0.3843638033919993,0.38436380339199944,0.38436380339199927,0.3843638033919997,0.38436380339199977,0.3843638033919998,0.38436380339199994,0.38436380339200005,0.38436380339199966,0.384363803392,0.3843638033919995,0.38436380339199966,0.38436380339199955,0.3855042826670987,0.3855042826670984,0.38569464063547465,0.3856946406354747,0.3856946406354745,0.38878247067515376,0.38878247067515403,0.38878247067515376,0.3887824706751538,0.38878247067515365,0.3899369877497983,0.3901303001110074,0.3901303001110071,0.3904913693682642,0.3935165472712518,0.3935932918374468,0.3943675754368417,0.3943675754368407,0.3982232947955425,0.39822329479554214,0.39822329479554264,0.3982583467402936,0.39825834674029365,0.39825834674029315,0.39894795550526446,0.39946589271372623,0.3994658927137259,0.39946589271372546,0.4007778934537553,0.4007778934537559,0.4007778934537555,0.40109187779869954,0.40109187779869965,0.4010918777986999,0.4010918777986999,0.4010918777986999,0.4010918777986995,0.40153519779941355,0.4016386562346291,0.4016386562346289,0.40163865623462874,0.4016386562346289,0.4017741509335024,0.40177415093350305,0.4017741509335028,0.40177415093350255,0.4017741509335025,0.4018844968960551,0.4018844968960553,0.4021351937054967,0.40213519370549655,0.40213519370549666,0.40248983183290005
random,14,2,1,0.4196409991149078,7.632339911350927e-5,16384,1,8192,0.7731650520792969,0.23179942487860408,nsga2,12,0.14331538607055472,0.25499742628927297,0.35021227392843224,0.36427500323420864,0.3807456030039225,0.3910560304024399,0.40020321059127495,0.40221009379752065,0.4049193131491574,0.40617545239140107,0.4085999569450978,0.4101190458203689,0.41056270845139686,0.4119572431628705,0.4127561996717533,0.4136233635621828,0.41435113955875696,0.4145311565099649,0.41493193357674174,0.41521906977508816,0.41540560380043845,0.41562878614453086,0.4156950848184927,0.41586244746110845,0.41618512388061984,0.41642668963217255,0.41651574578496203,0.4165768109656708,0.41660936662024534,0.41671374746810186,0.41675373984171016,0.4168270071467243,0.41688226565562203,0.41696709591804487,0.4171217048643052,0.417189474733378,0.417245736322897,0.4173560840824903,0.41741631552768915,0.41769173512971264,0.417755216329816,0.4177796648124037,0.4178228463109924,0.4178440869725375,0.417909808665674,0.417953583355752,0.41799749168293865,0.41803687335812356,0.41807113274919655,0.4180899914690481,0.4181249559787007,0.4181614091208073,0.41823641086393887,0.4182589520865335,0.4182794803038604,0.418301596361401,0.4183104424777902,0.41835058457647867,0.41837729170086807,0.4184002361068192,0.418424585680538,0.4184365504462535,0.41846549648003367,0.41848771318960326,0.41849545920388914,0.41849914305560654,0.4185001367144093,0.418542126297079,0.41855141449032923,0.4185651925951826,0.41857380020514856,0.4185993327809705,0.41861686388649433,0.41862628466903984,0.41863829726483603,0.41864780062503887,0.418653576870616,0.4186556793870346,0.41869411478908247,0.418703411476846,0.41870763934476807,0.4187127037357746,0.4187190837703538,0.41872181332578146,0.41874008171507904,0.4187679291424668,0.41877565263605404,0.41878668237431277,0.4187941730989351,0.41880251535579965,0.41881501000502236,0.41881992516783695,0.4188217856854368,0.41884239145723534,0.41885413555508133,0.4188560873805116,0.4188660536021247,0.4188734035052457,0.41887894776768186,0.41888592957146265
random,14,2,1,0.4196409991149078,7.632339911350927e-5,16384,1,8192,0.7731650520792969,0.23179942487860408,omnioptimizer,12,0.2650808304688575,0.27047274335397814,0.3267449794686365,0.35489185074547314,0.3737168987472552,0.3859942468695914,0.3896772582702329,0.39684087998820594,0.40088238697139084,0.4077630458972325,0.4091345801918069,0.4095415628858786,0.41022515474327165,0.4114056926724046,0.41214333524349095,0.4124206636842526,0.413689618555014,0.41396848668132075,0.41429862447725296,0.4147433541697152,0.4149459273948196,0.41509354205439136,0.41521985958979235,0.4153271530492964,0.41549730937885987,0.4155594292373478,0.4156326463762233,0.41570934643339613,0.4157465955149297,0.4157976310962058,0.4158569894705017,0.41592638283523636,0.41604451198297926,0.4160877123136678,0.41615171853195737,0.41621668004459517,0.41622316859365294,0.41632869288758034,0.4163537260024408,0.4163629720217978,0.41638234280784475,0.4164119014171666,0.41643692778715413,0.4164685726429368,0.4166643137612823,0.4167423634926729,0.41679766553323994,0.41682023539556773,0.4168530364447484,0.41733761705639705,0.41735943944561277,0.4173636550521934,0.41738979283323596,0.417412003710855,0.4174249752986139,0.41745173538351493,0.4174658147159606,0.4174842498343888,0.41763057282987553,0.4181866917588755,0.41820655785999394,0.41821551436997034,0.41821715718392116,0.4182330106415,0.4182569734074078,0.41827367464400317,0.4182800168132036,0.41829314393091693,0.4183102929361804,0.41832130015223806,0.4183235522105068,0.41833467861716367,0.41834388202469414,0.41836366524139507,0.4183818004844612,0.41838385541509127,0.4183903987044991,0.4184296160334586,0.4184895276175701,0.41850217313770893,0.41850603078947196,0.41851075020258915,0.4185237793937665,0.41861369770897827,0.418621265500368,0.41862503715850635,0.41863101223957633,0.4186527066169712,0.4186581551129498,0.41866164055572636,0.41866762316402306,0.4186893891152919,0.418698309315023,0.4187004519473168,0.41870817172833436,0.4187118661709331,0.4187167876034747,0.41872274353603894,0.4187337429280917,0.41873525989623567
random,14,2,1,0.4196409991149078,7.632339911350927e-5,16384,1,8192,0.7731650520792969,0.23179942487860408,smsemoa,12,0.14331538607055472,0.15315273070101787,0.15822311766539507,0.29440874554630364,0.3047879773716106,0.3314004664598508,0.3561824150214671,0.3728113718768554,0.3744335703865241,0.3859264953986598,0.38701819909223917,0.3882463402771732,0.38894052140000474,0.3906947150196767,0.39169041389573667,0.3970900859900435,0.39732967385604834,0.39857522281825036,0.39915274824963043,0.3994497614511008,0.39974159997880776,0.4023269476449788,0.402586060650642,0.40286116158551455,0.4042916425013706,0.4044391866264545,0.4048055908735303,0.4049405613390998,0.40511042261222424,0.4052717531919946,0.40761834167625305,0.40765253506083937,0.4077072616160977,0.40780356464485157,0.4082600643617175,0.40885750372398816,0.4093734639117043,0.40942407538917297,0.40944434068606167,0.40948812570026166,0.40954920955263036,0.40992105680687785,0.41307731637015827,0.41309371875190665,0.413184775865242,0.413304873443798,0.41354223360863396,0.41362797100408827,0.4141751454030548,0.41461712256342864,0.4149038735721591,0.41492197869249126,0.4159270980736612,0.4161216889137395,0.41710577300927987,0.4171270541298949,0.41718924347428166,0.41720339156314784,0.41721608041640124,0.41733198763182494,0.41734783341627074,0.4173747446037235,0.4173868225762558,0.41761558575056607,0.4176645259212571,0.41774886147668805,0.41786465041444093,0.4180792661739182,0.41808889277527456,0.4181184778923121,0.4181352258223351,0.41826872015772054,0.41828941846870266,0.4185970287059408,0.4187714388696987,0.41879666407100596,0.4188316526478633,0.41884295356984363,0.41885427048011026,0.41890699577053103,0.4189244173908213,0.41894641745561245,0.4189659873089564,0.4190130624331119,0.41907891534763503,0.4190845256550585,0.4190898317468468,0.4190972760016124,0.41909911976115194,0.419105481492695,0.41916123252888954,0.4191891249107176,0.4191961167693594,0.4192059736200973,0.41920952870277384,0.41922203120128515,0.4192334798794981,0.41924069457938,0.41925208518574647,0.41926173409206635
random,14,2,1,0.4196409991149078,7.632339911350927e-5,16384,1,8192,0.7731650520792969,0.23179942487860408,mole,12,0.27440793733585683,0.2879525930530002,0.36704180738715003,0.37876307085183203,0.3789270015016267,0.37962809608454506,0.38335205563946817,0.3833546992324031,0.394517836645843,0.3946775223109974,0.39505022069662393,0.39873044080203635,0.39879870648380905,0.39938558461403206,0.39950900806621126,0.406677787130162,0.41023620857159215,0.41277349839201294,0.41437148168647864,0.4161232256236823,0.4174635811355101,0.41811304521442205,0.4184486029563167,0.4186448132452725,0.41887242378754697,0.41906175544749513,0.41914312605317694,0.4192095029352839,0.41925699595896804,0.41931959841528266,0.4193300976226271,0.4193304592361452,0.4193305649885125,0.4193315067737359,0.41933153078396457,0.4193315320066953,0.41933181068494174,0.41933188596446747,0.4193323309148935,0.4193324214734943,0.4193325552735242,0.4193326972784897,0.41933272945279,0.41933279723320716,0.419333092346888,0.41933330478927033,0.419333482434258,0.41933357056456827,0.41933368232302504,0.41933390366680073,0.4193341629664192,0.41933434240719303,0.41933445156723875,0.4193349796403065,0.41933507454645624,0.419335280177715,0.41933534856089344,0.4193356837073649,0.41933580068777926,0.4193359146596732,0.4193363069079858,0.419336498601937,0.41933667316201817,0.41933671464087813,0.4193368295295063,0.4193370550669797,0.4193371965886388,0.41933730873174124,0.4193373497989931,0.4193382945926797,0.4193384641134197,0.4193384996583485,0.41933891374465926,0.41933902500626946,0.41933918716515367,0.41933932510438643,0.4193395525970366,0.41934004369583594,0.41934011774449714,0.41934026822799864,0.4193402941668957,0.4193405180386754,0.4193406803167003,0.41934116096262153,0.4193412569467442,0.41934134107742455,0.4193414966491207,0.41934152325516316,0.4193415254634349,0.41934193503593914,0.41934215053554696,0.41934215964332505,0.4193424228987469,0.41934260686139596,0.41934273489541846,0.419343091623576,0.41934316103623753,0.4193433251082925,0.4193433381869427,0.4193436374845432
random,14,2,1,0.4196409991149078,7.632339911350927e-5,16384,1,8192,0.7731650520792969,0.23179942487860408,random,12,0.24338516362371593,0.25754140665668473,0.2575414066566847,0.2747107532964824,0.2837476612489453,0.3079673231588314,0.3079673231588315,0.31404532733777585,0.314045327337776,0.33185057079468755,0.3318505707946878,0.3318505707946881,0.3459491447526626,0.3498293135394097,0.3498293135394099,0.35624864562341635,0.3574393711210752,0.35743937112107527,0.3576025753088707,0.3579991650883085,0.35799916508830826,0.35800268234776383,0.35800268234776417,0.36103377730269903,0.36103377730269903,0.3610337773026996,0.361638817427274,0.3659264647501243,0.36833963883878357,0.3683396388387838,0.3683396388387838,0.3683396388387835,0.36865833020120503,0.37038554264772283,0.37167141425918765,0.37167141425918737,0.3734196863943249,0.3734196863943249,0.37341968639432477,0.3744455811863929,0.3744455811863933,0.37444558118639376,0.3745144046902195,0.37508507232143123,0.37508507232143096,0.3750850723214308,0.3755100393164571,0.3755100393164571,0.37551003931645727,0.37551003931645704,0.37551003931645716,0.37567713662297625,0.3943440545414915,0.39434405454149146,0.39434405454149135,0.3943440545414915,0.3943440545414921,0.3943440545414923,0.3970177488490788,0.3975509520479578,0.39755095204795793,0.3975509520479577,0.39755095204795793,0.3975509520479582,0.39755095204795865,0.397550952047959,0.39777658424518303,0.39777658424518264,0.3977765842451821,0.39777658424518203,0.39777658424518153,0.39777658424518225,0.4004493048238572,0.4009081677026486,0.40110535574936357,0.4017631779020339,0.4017631779020339,0.4017631779020334,0.4017761893313638,0.4017761893313636,0.4018099247193338,0.4019701855186878,0.4024211366246097,0.4024211366246092,0.4024211366246092,0.4024211366246086,0.4024211366246089,0.4031545918698438,0.4031545918698436,0.40315459186984404,0.40315459186984426,0.40315459186984465,0.4031545918698446,0.4031545918698439,0.4039283701147459,0.4039283701147459,0.40392837011474597,0.40392837011474564,0.40409555066089053,0.40409555066089053
random,14,2,1,0.4196409991149078,7.632339911350927e-5,16384,1,8192,0.7731650520792969,0.23179942487860408,nsga2,13,0.25886451786652104,0.2759232280374881,0.3021997884705747,0.34747447451409497,0.3629756928704322,0.37116813646031704,0.38395511227527224,0.38626045548428417,0.39604748960860797,0.3986311202990436,0.404863274278366,0.4095466655237533,0.41094556218018097,0.4115484243148892,0.41194325264854204,0.4128886583436974,0.4132394998918586,0.4136595117304997,0.4138175390387662,0.4146643271405346,0.4149914461009012,0.415213915316733,0.4154969554295083,0.41560512181203885,0.4159055591276179,0.4160123673496944,0.4161405182042268,0.41620042851982775,0.4162912454753385,0.4164686154950913,0.41651432017898127,0.41658248214961785,0.41666454564380756,0.4167286380388592,0.41676016385929837,0.4168995476235057,0.41745781265340715,0.417512875126672,0.4175446567360842,0.41765318709321425,0.4176957069675409,0.41774260019635834,0.417790212201512,0.417798617066626,0.41781787718476415,0.4178510510312168,0.41786682600507563,0.4178718204418157,0.41789588065773775,0.41792630242556283,0.4180349822262542,0.4180442760088325,0.4180640561743622,0.4180774747188258,0.41812651295085435,0.41816591070387815,0.41819765778742,0.41821661385312114,0.4182505477687499,0.4182565702271533,0.4182712394006363,0.41828443711218494,0.4183031683712983,0.4183252721974402,0.41833792680921894,0.4183488503036221,0.4183649051016331,0.41837027146940814,0.4183866146114913,0.41839914206443474,0.4184273174587919,0.4184497974726955,0.41848256502897113,0.4185284721059755,0.4185542539094003,0.4185757103380859,0.4185796489906458,0.4185859029356392,0.4186049920769372,0.4186121221042033,0.4186269860562367,0.41863743411607857,0.4186429478957784,0.41864765326213016,0.4186571575792494,0.41868009275262325,0.4186885929176018,0.41869005879119753,0.41869906455023875,0.41872606303573096,0.4187299835192408,0.4187380591149879,0.4187465763450965,0.41875427150961864,0.41875731621552587,0.4187591777803342,0.4187652165108664,0.41877097890703396,0.41877709390252554,0.418782490241056
random,14,2,1,0.4196409991149078,7.632339911350927e-5,16384,1,8192,0.7731650520792969,0.23179942487860408,omnioptimizer,13,0.1458953056412468,0.17519520372746802,0.23586357777546493,0.32274315121786,0.34115590344947766,0.36915441646286357,0.3788819991410634,0.3854878403931851,0.40231014387834324,0.40425498613815813,0.40919470936162444,0.41078049911141085,0.411033772537956,0.4120717767390951,0.41345660138533813,0.41392177369857225,0.41439685478814275,0.41485157308300513,0.41510396674051253,0.4154098850684304,0.41575756161700855,0.41594702502136,0.4162356315272761,0.4162650273379176,0.416319452780417,0.41643325966149675,0.41654553632817726,0.4166281041309771,0.4167296678290072,0.4167855568997284,0.4168812604123092,0.41704894158070616,0.41715077137957596,0.41722433834275835,0.4173116673613669,0.4173579962823342,0.4174414349665972,0.4174860500506288,0.4175768398892276,0.4176435592736607,0.4176916033400341,0.4177117333408953,0.41772896640982593,0.41775578493881127,0.41777775669811845,0.41779942752507976,0.417854526523285,0.4178706745546695,0.4178883845138592,0.41793792783856615,0.4179505968631128,0.4179679705874452,0.4179733185561289,0.4180172185795759,0.4180323364467459,0.4180492061133738,0.4180652639486844,0.418081759732974,0.41810022318561046,0.41810270305281017,0.41812967965056824,0.4181394588562346,0.4181562395434085,0.4181725496356694,0.4181797976007082,0.41819135844116406,0.4182050609588616,0.41821576013558076,0.4182228895731664,0.4182280252515442,0.41823248151669795,0.4182418944534925,0.41824809646655875,0.41825492751989735,0.4182608167745123,0.41826927699390454,0.4182791745386849,0.4182978908594475,0.418302896790949,0.4183052745218403,0.41832729215328196,0.4183299040874891,0.4183361672674531,0.41835014449067626,0.41835939844007575,0.41836028384115026,0.4183719483937178,0.41838826526613615,0.4183961508538563,0.41842230122151597,0.41845578090293994,0.418467098920565,0.41846781712041176,0.41847520234737234,0.418484563974399,0.41852232954348406,0.4185344333159166,0.41854597545373584,0.4185495324066171,0.418567527590692
random,14,2,1,0.4196409991149078,7.632339911350927e-5,16384,1,8192,0.7731650520792969,0.23179942487860408,smsemoa,13,0.25886451786652104,0.25886451786652126,0.2866787561165779,0.2901366743279002,0.31243470532820916,0.34709258771695617,0.35133055474080943,0.3632371214629983,0.36935269839442214,0.37072986133510627,0.3717578951491257,0.3729060048833945,0.37343793446794193,0.381664606037679,0.38225781264179776,0.3842676960786619,0.3845699092072384,0.3855679455082116,0.3914076086385642,0.39257300182609944,0.39345100941258077,0.3941008594717249,0.39626164842439243,0.39847818999093254,0.3991867077994939,0.3999305037658808,0.40024229684252033,0.4009926609611872,0.4015971534190968,0.40196520843141476,0.4025036433171052,0.40286942105328066,0.40317163430987174,0.40874008918772675,0.4089702437437504,0.40923242724220205,0.41255371838269145,0.4131329753056226,0.4132340999389334,0.41383591817132614,0.4146705899372465,0.4148381989941956,0.41496473453994476,0.41520597065303083,0.4157033725700397,0.4158854284304449,0.4159944059886613,0.4160950249551664,0.41613975183992336,0.4164223000519412,0.41648185985707,0.41665805682045187,0.41673405544836306,0.4167712538385042,0.4169025647803558,0.41751595310593803,0.4175585963100124,0.417597878630784,0.417667566513018,0.4177066704536716,0.41773981942715444,0.41775603587062,0.41779578719100835,0.4178201199598076,0.41784247279786974,0.41785688299441165,0.41788174480762746,0.4178960346571804,0.4179177090949439,0.41794182839990524,0.41794798458073423,0.4179579598479475,0.4179762193270255,0.41807658567846645,0.4180829353066325,0.41809559165235627,0.4181156036478234,0.4181374054778498,0.41815143994784365,0.4181698565095983,0.4181795205146784,0.41819217019889576,0.4181999955286179,0.4182883663479912,0.4183086786388252,0.41831588969104244,0.4183179745886711,0.41832591502311095,0.4183310033018159,0.4183361115688402,0.4183434931056285,0.41835010824004604,0.4183576051836514,0.4183625302255531,0.4183674436401414,0.41852561367925756,0.4185349871722519,0.4185397402302895,0.4185478607040767,0.4185518795312335
random,14,2,1,0.4196409991149078,7.632339911350927e-5,16384,1,8192,0.7731650520792969,0.23179942487860408,mole,13,0.2873909783055457,0.2954216193850511,0.3497054045042632,0.3587010433531196,0.35916841476999606,0.36092424782935145,0.3882929416783226,0.3883322776993621,0.38833839649454055,0.3938746431893645,0.3950941270938406,0.3969501450079297,0.39711770544325947,0.39960390437427884,0.40067784732572237,0.40160700650136016,0.4085320118473038,0.41153187258520596,0.41387501763353285,0.4158761115978532,0.41695270592690936,0.4175702161457673,0.41814829667444187,0.4185654463315096,0.41869446749741024,0.4188495469581317,0.4190442384533358,0.4191660519299816,0.41919616436271323,0.419254974700052,0.4193056335060462,0.41932991058688185,0.419330545908727,0.41933100785258526,0.41933123135692485,0.4193314940289373,0.41933159316779933,0.4193318084754414,0.4193320737934718,0.41933213431447214,0.41933240206057293,0.4193329615356341,0.4193330274262563,0.41933326167812485,0.41933341530247153,0.4193336014175884,0.41933403715132717,0.41933412467269676,0.41933448198091267,0.4193347493114911,0.41933517542159154,0.4193355103292706,0.41933578971836766,0.41933591341625326,0.41933639112315796,0.41933654090565364,0.4193375983468012,0.4193376732714239,0.41933779027734464,0.41933824237290457,0.41933834670531284,0.4193385509981492,0.4193393510931734,0.41933999007133227,0.41934019445220516,0.4193402381664843,0.41934044776319074,0.4193407635961651,0.41934110721628964,0.4193412391623131,0.41934136883347484,0.41934140949400245,0.4193414296352316,0.41934157213556544,0.41934165441215443,0.41934205892293047,0.41934235920929996,0.419342436411055,0.41934297010259636,0.41934309129225317,0.4193433986363522,0.4193439581630937,0.41934433165210744,0.4193444104077278,0.4193444264804397,0.4193447807405229,0.4193448969791784,0.4193451407486474,0.4193453111823161,0.4193455256908155,0.41934563568523414,0.41934580850919806,0.41934597111915994,0.41934645718181074,0.4193466847219793,0.4193468115029954,0.41934681835430715,0.4193470506588694,0.4193472254244724,0.41934730515152735
random,14,2,1,0.4196409991149078,7.632339911350927e-5,16384,1,8192,0.7731650520792969,0.23179942487860408,random,13,0.1362491520986154,0.14062618488042375,0.19911086376081064,0.3139234323093854,0.32044682613530984,0.3204468261353097,0.3263441054937866,0.3311993662349516,0.3373612974223456,0.33954762334780025,0.34081857729125203,0.34361599130420756,0.34361599130420706,0.34361599130420767,0.3436159913042078,0.3436514357172855,0.3454302692682384,0.34543026926823805,0.35954163835442715,0.3599118434104599,0.36357697244516574,0.36365402531091273,0.36519280704738916,0.36570219366232115,0.36570219366232093,0.3657021936623211,0.3681046937525383,0.3692302921521322,0.372375345417634,0.37237534541763373,0.3723753454176338,0.37237534541763345,0.3729237975192796,0.37292379751927934,0.37296167863347535,0.37296167863347507,0.3729616786334751,0.3745367728011122,0.38178105104504423,0.3824586786409513,0.3879869605635599,0.3882153242189321,0.3882423143946499,0.38874461061605375,0.3887446106160533,0.38874461061605287,0.38874461061605287,0.3887446106160527,0.3931838355270533,0.3933775112836902,0.39415035568188617,0.3941503556818861,0.39415035568188617,0.3941503556818862,0.39415035568188633,0.39415035568188617,0.39415035568188633,0.39415035568188617,0.3946905790861318,0.39631350988674496,0.3966389243135294,0.3966523282275058,0.39711688036652,0.39786782831017903,0.3979633279348098,0.3979633279348095,0.3981009500082338,0.39810095000823403,0.398100950008234,0.3981009500082342,0.39810095000823387,0.398317175948568,0.39831717594856814,0.398317175948568,0.3983171759485681,0.40354740701173086,0.4035474070117307,0.40354740701173064,0.40354740701173053,0.4038013913074687,0.4039904479532071,0.4039904479532071,0.40399044795320693,0.4039904479532066,0.40418900480086695,0.40418900480086684,0.40418900480086684,0.40418900480086717,0.4041890048008669,0.404189004800867,0.40439207651310444,0.4043920765131041,0.40439207651310366,0.4044238908176826,0.40442389081768265,0.4044238908176823,0.40442389081768254,0.40442389081768265,0.4044238908176826,0.4044238908176828
random,14,2,1,0.4196409991149078,7.632339911350927e-5,16384,1,8192,0.7731650520792969,0.23179942487860408,nsga2,14,0.26094100755088917,0.27229696614373766,0.30443726159006707,0.31512935263705527,0.3771618810923447,0.3879596076894255,0.3950168481192863,0.3971194454130208,0.3983707201509541,0.3995484283195154,0.4023202231959156,0.4036441199126691,0.40459662411725955,0.4052742928173319,0.405762205416933,0.4095702425298793,0.41197997690108634,0.4123365093593922,0.4140463643959595,0.4143996638855225,0.41471341772534265,0.41505474875021586,0.41517211259007725,0.4153180870970163,0.4154110983033369,0.4164598928586542,0.41663131860000463,0.41682264539117325,0.4169548189075896,0.4170734334866986,0.41710692206344785,0.4172137698252796,0.41724985923024027,0.4172943726541608,0.41734054548473937,0.41743552560523245,0.4175017976662525,0.4175298986700144,0.41769745554253784,0.41775151167262553,0.41779453482385936,0.41782942062129236,0.417904795770918,0.4179821261703045,0.4179933933239764,0.4180351231465153,0.41807357877671636,0.41813070828097776,0.41814961251040755,0.41818469218386967,0.4182085954962253,0.4182395182620044,0.4182720478995046,0.41832370237591016,0.4183324532992229,0.4183667110841274,0.41840054315065556,0.4184111943360199,0.41841959004274776,0.41843683633163564,0.4184520048981908,0.41846796645950285,0.4184800181488316,0.41849156361932816,0.4185030741356426,0.4185212200140899,0.41852760058383875,0.41854323743893074,0.41854643746493514,0.41856348085329614,0.4185691899455938,0.41857396135761343,0.4185842715449647,0.4185947694277887,0.41860012946400244,0.4186100405824027,0.4186174889732436,0.41862422018354734,0.4186336611686264,0.41865056709976134,0.41865394982826837,0.418658893784359,0.4186700099737122,0.418690718117458,0.41870409801219166,0.41871711116852856,0.41872786846106813,0.4187364531341866,0.41874081111995537,0.41875193415730466,0.41877502094047536,0.4187818213199291,0.4187857151103259,0.41878633199824944,0.4187934790493861,0.41879867766066636,0.4188029862507088,0.4188240304536338,0.4188254933891182,0.4188302263041435
random,14,2,1,0.4196409991149078,7.632339911350927e-5,16384,1,8192,0.7731650520792969,0.23179942487860408,omnioptimizer,14,0.2920362520291613,0.3009454788964356,0.3222507582985444,0.3552140198127316,0.3790480911409996,0.38648378378611686,0.3926018603510267,0.40075831093051517,0.40417374012410395,0.406025878278121,0.4069824955292785,0.40929112454236505,0.4121817203266677,0.4128570813289378,0.4132924930113561,0.4138106399586226,0.41435017059263546,0.4147685880187934,0.4150359371439354,0.41514721780482156,0.41529838504697797,0.41545113575183423,0.41558657914112807,0.4157032288893564,0.41580240808625085,0.4159204369961113,0.4161402994190806,0.41620847159243046,0.41628451849122994,0.41646556264055795,0.41654589429173644,0.41659949321274486,0.41665117507659394,0.4167118208359311,0.4167649051646227,0.41682440589347836,0.4168610197819085,0.4168908187102271,0.4169220819853239,0.41695545605604534,0.41697270575116746,0.41703252855380424,0.4170611471291014,0.4171017573925336,0.41711065813903114,0.4171388352586212,0.4171538145361594,0.4171994373939028,0.41722758796468645,0.41726493199722375,0.4173029615886589,0.41731232565743587,0.4174021751793049,0.41740814121535985,0.41742899761179264,0.41746065587947645,0.4174831798686195,0.4174893589643569,0.417513728925232,0.4175268070225333,0.41753699644763265,0.4176264395885897,0.417640516367198,0.4176526905270125,0.4176676160360916,0.417675807347918,0.41769086665704724,0.41769795228010553,0.41772434915243806,0.417741837511596,0.41813314731090667,0.4181446594833637,0.41816667056404844,0.41818806435355965,0.4182076365941376,0.41821202336671703,0.41823217890670983,0.41824313386806194,0.4182494713075284,0.41826173148109896,0.41827287504616434,0.4182765263084899,0.4182937241519188,0.41829914418096314,0.41830613093731983,0.4184097609210472,0.4184188107819488,0.4184318706033216,0.41845461108761073,0.4184592715072868,0.4184676349802845,0.4184817367456829,0.41849694595392883,0.4185018190828612,0.41850816527780194,0.41851173473148545,0.418535024723339,0.41854723002335364,0.41855277221669235,0.41855964183707894
random,14,2,1,0.4196409991149078,7.632339911350927e-5,16384,1,8192,0.7731650520792969,0.23179942487860408,smsemoa,14,0.26094100755088917,0.2711813444710137,0.2852121131285779,0.34365824079686774,0.3773041187798665,0.3840346841899787,0.3896637109098539,0.39847988304880594,0.40112494240805346,0.40219093489745356,0.4030962488962879,0.4040880861611588,0.4055858508172513,0.4060469012884976,0.4064421665043685,0.40689333438330133,0.40730693302193943,0.4096167834025029,0.41046823798130444,0.4105970756443967,0.4108685316483624,0.4120348484587512,0.41253160938457917,0.412896649770257,0.41346684823365404,0.4141582697118425,0.4144359547742897,0.41470740480036455,0.4153252789413876,0.4154885208483236,0.41578478990180384,0.41604696256083606,0.41618996326817814,0.4163799092022744,0.41681654912886074,0.41694245377045064,0.41703466592394667,0.41728032906885676,0.4174209566700523,0.4174493819258324,0.4175593824334814,0.4176134250150015,0.41776193080281987,0.4178107499724602,0.41798692075598265,0.4180071381528181,0.4180497826854797,0.4181070316823927,0.4181497545015852,0.41818088021589267,0.41823264923319153,0.41825678260278343,0.41828252791359455,0.41834157389557686,0.4183855278987218,0.41840955782375494,0.41845419776798687,0.41858518040459436,0.4186009086595238,0.4186537329867486,0.4186681899899974,0.41870428100104123,0.4187146450727937,0.4187579695004142,0.4187721192180897,0.4187980997992152,0.418811047395443,0.4188390964278479,0.41885842832191367,0.4188806404163692,0.4188965419877526,0.4189183699083693,0.41893389933638264,0.41896814320563347,0.4189774864815382,0.41899277635066456,0.4190150806517748,0.41902033992082804,0.41903652675042213,0.4190595283555152,0.41908310430788254,0.41910479024508335,0.4191140843677381,0.4191195737469333,0.4191271757121646,0.4191343677145931,0.41914219460990876,0.41915157193808816,0.41915761317140404,0.41916798618803414,0.41917268832532045,0.419175345840463,0.41917857067113684,0.41918482280081937,0.4191888675042241,0.4192003820087446,0.419207629861458,0.4192188004684138,0.41922712026280184,0.4192300909529034
random,14,2,1,0.4196409991149078,7.632339911350927e-5,16384,1,8192,0.7731650520792969,0.23179942487860408,mole,14,0.3078933129628003,0.330628890069674,0.37636543231602054,0.3763699385081598,0.379972815026328,0.3922512434563676,0.39288738883340735,0.3957086962448173,0.39872777981283386,0.39977204230949615,0.3998402507370816,0.4000080470887063,0.40002373056701296,0.4003206654512864,0.4009303248638897,0.40799163264027866,0.41160400744223286,0.41392777990690094,0.4154420236280297,0.41654768292908195,0.41761860808708334,0.4180533222789912,0.41838778852166675,0.41874144396358043,0.4188474296231965,0.41899755812629835,0.41909511719465853,0.41917275271610543,0.4192435792163271,0.4192927502369397,0.41933008500170227,0.41933021318483377,0.4193306924952702,0.4193307943672548,0.4193308494905426,0.41933104416908157,0.4193312673196385,0.41933130683876707,0.41933151246443157,0.4193318841077737,0.41933201511493123,0.4193321482187283,0.41933255478139764,0.41933269958981473,0.41933284967631573,0.41933311320460714,0.41933322325176237,0.41933323821635077,0.41933333575695886,0.4193336863755507,0.4193338555796008,0.41933405530686474,0.4193347179781894,0.41933494671228744,0.4193352284227446,0.4193354120043549,0.4193354902203775,0.41933569207563665,0.4193360353420965,0.4193365417666365,0.41933662853705156,0.41933683286064427,0.41933701087075476,0.4193371989391647,0.4193372151590459,0.4193373810101184,0.41933760062885034,0.4193379606503866,0.41933812502810636,0.41933828669000706,0.41933862571205244,0.41933879977405303,0.4193388205363633,0.41933893248129345,0.41933902284420244,0.4193391629062506,0.41933924785403864,0.41933932024280335,0.4193394980494261,0.4193396751263504,0.419339747897127,0.4193401843673907,0.41934018448860827,0.4193404797570195,0.41934048007446567,0.4193406754493719,0.4193408286361183,0.4193418162146662,0.4193418292880486,0.4193421113742056,0.4193422788566403,0.41934229906477577,0.41934237670156893,0.41934268259714674,0.41934285690202977,0.4193428644880116,0.4193428712510105,0.4193428844038271,0.419343039886375,0.4193431725262039
random,14,2,1,0.4196409991149078,7.632339911350927e-5,16384,1,8192,0.7731650520792969,0.23179942487860408,random,14,0.17725915997560102,0.21207839756243915,0.35360310968475867,0.35360310968475844,0.3685362436937439,0.3685362436937441,0.3695731423284824,0.3695731423284823,0.3701599383770791,0.37015993837707933,0.371010512840606,0.37101051284060604,0.371010512840606,0.3710105128406062,0.371501701122509,0.3715024928269139,0.37676068511530003,0.37680798309107416,0.3768079830910741,0.37680798309107366,0.37759562695675963,0.3775956269567593,0.3779207922079778,0.37792079220797736,0.3802542010438753,0.38118817415974077,0.3811881741597411,0.38118817415974093,0.3822567840814705,0.3822567840814707,0.3822567840814708,0.3835778870848374,0.38357788708483714,0.38357788708483687,0.38363567483155137,0.3836356748315508,0.38363567483155037,0.3836356748315499,0.38363567483154987,0.3836356748315504,0.3844480869847759,0.38444808698477556,0.3851261673016364,0.3851261673016364,0.3851261673016369,0.3851261673016372,0.3861895057176819,0.38618950571768185,0.3876742788639991,0.3876742788639991,0.3876742788639992,0.3876742788639992,0.3876742788639994,0.3876742788639992,0.38997508099168393,0.3915985832219954,0.3915985832219953,0.3915985832219954,0.3915985832219957,0.3915985832219958,0.3915985832219961,0.39159858322199653,0.3915985832219965,0.39159858322199637,0.39251508347649333,0.3927500734282343,0.39318915692265904,0.3931891569226588,0.3931891569226587,0.39318915692265854,0.393189156922659,0.3935399320405609,0.39353993204056065,0.39356811166385375,0.39529051247418545,0.3954600816806315,0.39546008168063124,0.39918391518939156,0.3991839151893915,0.39918391518939106,0.39918391518939095,0.39943388867421287,0.3994338886742126,0.3994338886742125,0.40005211889244024,0.4000521188924401,0.40005211889244,0.4002857186059285,0.4002857186059286,0.40028571860592876,0.40028571860592804,0.40028571860592815,0.4002857186059279,0.4002857186059279,0.40028571860592804,0.4002857186059277,0.4002857186059278,0.4004025975481704,0.40040259754817004,0.40040259754817
random,14,2,1,0.4196409991149078,7.632339911350927e-5,16384,1,8192,0.7731650520792969,0.23179942487860408,nsga2,15,0.31994690896490907,0.33894805340806367,0.3537667929764637,0.37463477925649963,0.38653514554982876,0.3954678697606758,0.39788242382001754,0.40298533301341705,0.4060461867925556,0.40910760691149933,0.4097072031848975,0.4103948513401377,0.41196272263045675,0.4125559199785225,0.4134754114321465,0.41381921793098114,0.41418197288011216,0.4143044019642138,0.4145791876347259,0.4147127673411409,0.4149352418048418,0.41524109702933526,0.4153655098528457,0.41568060327288037,0.41611181010977505,0.4162797965287786,0.41646327679675554,0.41658044821136064,0.41665031833998095,0.41675199774535193,0.4168597290186054,0.41686980642259175,0.41693592165966287,0.41697512929088576,0.4170052902693406,0.4170515552456049,0.41707012296070584,0.4171793793859354,0.41724942736294457,0.4172838007183351,0.4173117621418073,0.41737879461705674,0.4174409802489697,0.41745318295858275,0.4174906777658173,0.4175355150673825,0.41758790664918766,0.4175959813933879,0.41784317329577136,0.4178751545058954,0.4178869548285846,0.4179076220787454,0.41793699249152916,0.4179996733622581,0.4180170283953829,0.41803158987047434,0.4180377639496516,0.41805886080609933,0.4180863914917015,0.4181593949036609,0.4182041809809524,0.41822470821014524,0.418245476517355,0.4183007561220733,0.4183265120361832,0.41835372340178734,0.41837815979371723,0.41839416852945166,0.41840660711867006,0.4186054409135526,0.4186145878685322,0.41863206891115495,0.41863556777975597,0.4186426164428116,0.4186600082668415,0.4186715294468069,0.4186896455136571,0.41870185001342813,0.4187125047932952,0.4187234772712843,0.4187312738076339,0.41873512906488247,0.4187460279454826,0.4187526726773761,0.4187579659197612,0.41876753174065307,0.41877564039142035,0.4188049996848105,0.4188155395319557,0.4188270884802285,0.4188298341523702,0.4188311730367366,0.41883436129852986,0.41884586706726057,0.41885091457067075,0.4188532713750395,0.41885811439576165,0.418869087819,0.4188783374175054,0.41888211899825967
random,14,2,1,0.4196409991149078,7.632339911350927e-5,16384,1,8192,0.7731650520792969,0.23179942487860408,omnioptimizer,15,0.152340184761619,0.2632656483266953,0.3349175563767796,0.37068527246955174,0.3827495160413598,0.3936513869450182,0.3997855371079685,0.40216350262566114,0.4049604653764257,0.4090043271353551,0.4095686835978044,0.41071546394772795,0.4115496728279481,0.4119917704968826,0.4124645432683776,0.4142711523238924,0.4146655614661934,0.4147595947481257,0.4150088499995767,0.41514680994868897,0.415491306143093,0.41564511742131877,0.4159023200308773,0.41605906455768893,0.41617814844294365,0.4162802252264598,0.41641900083219446,0.4165303782642133,0.4167673865963061,0.4168792767141339,0.4169259187571342,0.41704831170903706,0.4171475006279974,0.41718589747925916,0.4172447712327325,0.41746151080774474,0.41756119445455564,0.41760949290695953,0.4176513081248688,0.41768767032009363,0.417722708684021,0.41780249168160466,0.41783483014831657,0.417864198398323,0.4179030862062175,0.41793380703494054,0.41796491460832563,0.4180321424670547,0.41806574056569135,0.41809047453769377,0.4180966031596022,0.41818256951095917,0.41819966158679445,0.41821814850604017,0.41822053679216226,0.41823640708284293,0.41825544344671284,0.4182680583271763,0.41827496130553665,0.4183003160968787,0.41831436916202974,0.41833108667675795,0.4183523544994647,0.41836506124987266,0.41836750838498393,0.4184045291640936,0.41841742957440475,0.41842415900272806,0.4184333767076391,0.41843887206736674,0.4184512456210455,0.41848171404585693,0.41850131244327865,0.41851005229201405,0.4185292090740413,0.4185513484935249,0.41855969271624893,0.4185681308302053,0.4185713474949338,0.4185804619828474,0.4185956932277665,0.4185987907029415,0.418614912230345,0.4186261205915268,0.4186405918889576,0.4186453915437775,0.4186486591150987,0.4186517506781628,0.41866805223864406,0.41867341006985254,0.4186847247472029,0.41869193339900795,0.41869819213184195,0.41871086929775475,0.4187131766362833,0.4187142709612562,0.4187169659411049,0.41872084722632036,0.418730250705501,0.41873322401377894
random,14,2,1,0.4196409991149078,7.632339911350927e-5,16384,1,8192,0.7731650520792969,0.23179942487860408,smsemoa,15,0.31994690896490907,0.3408415645338892,0.3576788798753278,0.37727043187071796,0.38220439438459936,0.3845169024038883,0.39074615592515133,0.3965036052903271,0.397839064234711,0.39864937116331617,0.3993572741558597,0.40033927795438756,0.4006036535181763,0.4025467889335588,0.4052714216712931,0.40600503560965207,0.40716681111493386,0.4077386914952581,0.4086235347283876,0.4101594055064435,0.4105358540203854,0.41070316252348216,0.41247566686032816,0.4144427906624421,0.414815126056906,0.4150862570753575,0.415279609216965,0.4156922338657034,0.4159947787070346,0.41612960990722275,0.41631525485510446,0.4165319842804329,0.41677016346429213,0.4168263908108122,0.41702225361428735,0.417149791168516,0.41736048725644337,0.41745355876022977,0.4175381428149499,0.4176653245736207,0.41785542826608335,0.41788565689104684,0.4179900109149358,0.41803101034494167,0.4180752222179059,0.41813487931125104,0.4181840965146243,0.41822465066356973,0.4182631114193367,0.41852909443032155,0.4185510346209502,0.41858436909714014,0.41861925444521064,0.41865123738556115,0.41868208314511396,0.4187012395599795,0.4187179059129034,0.4187338814865742,0.41877096567181954,0.41879298473556287,0.4188085436906796,0.41885228904352473,0.41886972978768827,0.4188876172950487,0.4189390304220657,0.4189531217911336,0.4189608387963588,0.4189848628875493,0.41899525060638426,0.4190189642695934,0.4190316466705959,0.41904105025881183,0.4190471884597713,0.41906343930239237,0.4190772541515776,0.41908552040832553,0.41910942571812837,0.41912548500013025,0.41913423681803563,0.41914319009723366,0.41915090948159556,0.4191545862987511,0.4191791412469797,0.4191873058093072,0.41920234118174904,0.4192059090615645,0.4192088479229939,0.41921384751238416,0.419224032451376,0.4192271494888835,0.41923268306334166,0.41924062739799606,0.4192470305007678,0.4192566675711519,0.41926099838028746,0.4192670814005451,0.4192719815640235,0.41927886510898094,0.41928142571502225,0.41928863979590975
random,14,2,1,0.4196409991149078,7.632339911350927e-5,16384,1,8192,0.7731650520792969,0.23179942487860408,mole,15,0.3037894412962256,0.3092967893716092,0.3648268949837887,0.37411556506836896,0.37416285285290385,0.37437833404089405,0.38899927274034857,0.3893681143853362,0.3893686423688058,0.3914210318526182,0.3950534641013807,0.3963781958707721,0.3963861011098488,0.39979118680691966,0.3999296624656382,0.40077060256162156,0.40793893723720226,0.4111739603815963,0.4136686899128744,0.4149353014215198,0.41689134703232866,0.4172491064355316,0.4180472841498337,0.4184832867699248,0.41870941522218524,0.41885861705300687,0.41903001446061106,0.41915374484778956,0.4192273472351119,0.41926877834929227,0.4193073705728251,0.41933017886523694,0.4193302585023557,0.41933090360047254,0.4193312476473801,0.41933127411449583,0.4193313011303205,0.41933158382309055,0.41933188491337087,0.4193319256511316,0.4193320083473597,0.41933231407756433,0.4193327011184344,0.41933279543112245,0.41933309731128926,0.419333591225874,0.41933391827332883,0.4193340874393871,0.41933456792847823,0.4193347115650465,0.41933524221538776,0.4193356959860795,0.4193361832685193,0.419336575408629,0.4193370391884162,0.4193373326376729,0.41933741623496323,0.41933755466943473,0.4193380478012571,0.4193381053273354,0.4193381999409802,0.4193383920071114,0.41933843986983477,0.41933863414676403,0.41933903356578717,0.41933905417935,0.41933908194678116,0.4193390974773555,0.41933927080535194,0.4193393206610666,0.41933961458581526,0.41933993899523336,0.41934008591859456,0.4193401943827717,0.419340222506228,0.4193406666781845,0.4193411402907278,0.41934119700426165,0.4193414576925415,0.4193415995039831,0.4193417112651087,0.41934187589362615,0.41934205805687974,0.41934206404793317,0.4193421079693521,0.41934263061203786,0.4193429172845491,0.41934324857286004,0.41934352253338375,0.4193436876533724,0.41934404488555904,0.41934457087756,0.4193446458255306,0.41934488214611415,0.41934496122214776,0.41934514914179727,0.41934516918240555,0.41934535167265286,0.41934553604971836,0.41934561837710876
random,14,2,1,0.4196409991149078,7.632339911350927e-5,16384,1,8192,0.7731650520792969,0.23179942487860408,random,15,0.16712714332690104,0.17668002894351267,0.17927497121846092,0.22028630345303543,0.23027275646939135,0.2807492242619784,0.28869147074790247,0.2886914707479028,0.2886914707479028,0.2886914707479025,0.29228182031680755,0.29767007480735064,0.2984176277907711,0.3031688582207489,0.3031688582207492,0.3036954365978573,0.31200085898331176,0.3133517515335139,0.34776697273952933,0.34776697273952945,0.3489640507399873,0.3489640507399875,0.351516168474997,0.35277789735627,0.35277789735627,0.35277789735627,0.3527778973562702,0.35277789735627013,0.3744360254620593,0.3744360254620594,0.3744360254620594,0.3744360254620594,0.374887483743678,0.3758897619176396,0.37588976191763956,0.3758897619176397,0.3761333634499961,0.37613336344999604,0.37613336344999654,0.37721506765660473,0.37758497687141607,0.3775849768714153,0.37758497687141523,0.3775849768714153,0.38035446167000153,0.38132354800436663,0.3813235480043663,0.3817602557070943,0.3817602557070949,0.3817602557070948,0.38234639005272436,0.38234639005272436,0.38234639005272447,0.38298095343914385,0.38432633659493937,0.3843263365949391,0.38528249699142875,0.38528249699142886,0.38528249699142886,0.38792045117849366,0.3886223551079164,0.3886223551079169,0.3886223551079168,0.38862235510791654,0.3886223551079172,0.38862235510791726,0.38862235510791693,0.388622355107917,0.38862235510791665,0.3886223551079163,0.3886223551079164,0.38862235510791615,0.3926400989062832,0.39264009890628293,0.39264009890628304,0.39264009890628326,0.3926400989062834,0.39264009890628315,0.3928549343477641,0.39289638410188416,0.393025967243677,0.3930259672436773,0.3930259672436773,0.3930259672436772,0.3930259672436773,0.39395077979704385,0.39447038267923545,0.3944703826792355,0.3947461587053781,0.39474615870537766,0.39568479968737413,0.39582769293234077,0.3958276929323409,0.3961874362373399,0.39618743623733943,0.3962928583649873,0.3962928583649875,0.39629285836498784,0.3964670449725295,0.39646704497252927
